    549.7254639      0.0047541
    549.7261963      0.0053164
    549.7268677      0.0064162
    549.7275391      0.0068473
    549.7282104      0.0061550
    549.7288818      0.0067320
    549.7295532      0.0063303
    549.7302856      0.0061562
    549.7309570      0.0058570
    549.7316284      0.0057767
    549.7322998      0.0056695
    549.7329712      0.0061497
    549.7336426      0.0056398
    549.7343140      0.0057481
    549.7350464      0.0070219
    549.7357178      0.0064031
    549.7363892      0.0063135
    549.7370605      0.0066314
    549.7377319      0.0062841
    549.7384033      0.0060829
    549.7391357      0.0063966
    549.7398071      0.0067190
    549.7404785      0.0066726
    549.7411499      0.0068794
    549.7418213      0.0065847
    549.7424927      0.0064080
    549.7432251      0.0063518
    549.7438965      0.0076318
    549.7445679      0.0073447
    549.7452393      0.0068069
    549.7459106      0.0067749
    549.7465820      0.0076531
    549.7473145      0.0074306
    549.7479858      0.0077745
    549.7486572      0.0074740
    549.7493286      0.0083407
    549.7500000      0.0084683
    549.7506714      0.0081225
    549.7513428      0.0084672
    549.7520752      0.0082241
    549.7527466      0.0083997
    549.7534180      0.0084055
    549.7540894      0.0077821
    549.7547607      0.0078465
    549.7554321      0.0086685
    549.7568359      0.0572043
    549.7575073      0.0372080
    549.7581787      0.0324626
    549.7588501      0.0311101
    549.7595215      0.0301895
    549.7602539      0.0270497
    549.7609253      0.0239162
    549.7615967      0.0220632
    549.7622681      0.0209409
    549.7629395      0.0193381
    549.7636108      0.0187296
    549.7643433      0.0177758
    549.7650146      0.0181531
    549.7663574      0.0386676
    549.7670288      0.0562968
    549.7677002      0.0906093
    549.7691040      0.0951340
    549.7697754      0.0706588
    549.7704468      0.0628611
    549.7711182      0.0604461
    549.7717896      0.0614346
    549.7724609      0.0592683
    549.7731934      0.0631508
    549.7738647      0.0592898
    549.7745361      0.0620974
    549.7752075      0.0579489
    549.7758789      0.0570440
    549.7765503      0.0555995
    549.7772827      0.0577492
    549.7779541      0.0617494
    549.7786255      0.0661985
    549.7792969      0.0737103
    549.7799683      0.0737490
    549.7806396      0.0718692
    549.7813721      0.0695187
    549.7820435      0.0631333
    549.7827148      0.0589135
    549.7833862      0.0551534
    549.7840576      0.0506672
    549.7847290      0.0473010
    549.7854004      0.0459010
    549.7861328      0.0437805
    549.7868042      0.0414349
    549.7874756      0.0405115
    549.7881470      0.0419177
    549.7888184      0.0406649
    549.7894897      0.0392426
    549.7902222      0.0381922
    549.7908936      0.0367165
    549.7915649      0.0358645
    549.7922363      0.0347936
    549.7929077      0.0354324
    549.7935791      0.0357293
    549.7943115      0.0363577
    549.7949829      0.0357003
    549.7956543      0.0350249
    549.7963257      0.0339978
    549.7969971      0.0326886
    549.7976685      0.0311941
    549.7984009      0.0302687
    549.7990723      0.0293955
    549.7997437      0.0283681
    549.8010864      0.0274670
    549.8017578      0.0273615
    549.8024292      0.0271180
    549.8031616      0.0276581
    549.8038330      0.0282270
    549.8045044      0.0282493
    549.8051758      0.0284121
    549.8058472      0.0277880
    549.8065186      0.0275811
    549.8072510      0.0274807
    549.8079224      0.0275076
    549.8092651      0.0265987
    549.8099365      0.0260145
    549.8106079      0.0257609
    549.8113403      0.0247841
    549.8120117      0.0243064
    549.8126831      0.0239384
    549.8133545      0.0230156
    549.8140259      0.0238091
    549.8146973      0.0240536
    549.8154297      0.0237505
    549.8161011      0.0241014
    549.8167725      0.0227760
    549.8174438      0.0234206
    549.8181152      0.0217153
    549.8187866      0.0220678
    549.8194580      0.0220510
    549.8201904      0.0212245
    549.8208618      0.0219757
    549.8215332      0.0228746
    549.8222046      0.0235251
    549.8228760      0.0230316
    549.8235474      0.0224589
    549.8242798      0.0225926
    549.8249512      0.0222294
    549.8256226      0.0224289
    549.8262939      0.0214025
    549.8269653      0.0213718
    549.8276367      0.0215524
    549.8283691      0.0218993
    549.8290405      0.0219827
    549.8297119      0.0209034
    549.8303833      0.0207076
    549.8310547      0.0207957
    549.8317261      0.0201559
    549.8323975      0.0195754
    549.8331299      0.0201345
    549.8338013      0.0196124
    549.8344727      0.0190995
    549.8351440      0.0193384
    549.8358154      0.0188179
    549.8364868      0.0187487
    549.8372192      0.0179815
    549.8378906      0.0183541
    549.8385620      0.0175179
    549.8392334      0.0174335
    549.8399048      0.0176193
    549.8405762      0.0182467
    549.8413086      0.0177822
    549.8419800      0.0183992
    549.8426514      0.0179919
    549.8433228      0.0172570
    549.8439941      0.0176478
    549.8446655      0.0174992
    549.8453979      0.0175284
    549.8460693      0.0169551
    549.8467407      0.0173742
    549.8474121      0.0170748
    549.8480835      0.0172300
    549.8487549      0.0168587
    549.8494263      0.0174249
    549.8501587      0.0173085
    549.8508301      0.0172849
    549.8515015      0.0170570
    549.8521729      0.0173719
    549.8528442      0.0171158
    549.8535156      0.0177507
    549.8542480      0.0178788
    549.8549194      0.0173790
    549.8555908      0.0181849
    549.8562622      0.0179464
    549.8569336      0.0172480
    549.8576050      0.0171164
    549.8583374      0.0169243
    549.8590088      0.0160183
    549.8596802      0.0160920
    549.8603516      0.0161163
    549.8610229      0.0157702
    549.8616943      0.0156843
    549.8624268      0.0152722
    549.8630981      0.0156246
    549.8637695      0.0208117
    549.8644409      0.0296146
    549.8651123      0.0277116
    549.8657837      0.0249999
    549.8664551      0.0221803
    549.8671875      0.0213235
    549.8678589      0.0193800
    549.8685303      0.0191651
    549.8692017      0.0177847
    549.8705444      0.0174457
    549.8712769      0.0170092
    549.8719482      0.0169410
    549.8726196      0.0163626
    549.8732910      0.0160555
    549.8739624      0.0152919
    549.8746338      0.0153666
    549.8753662      0.0142122
    549.8760376      0.0145370
    549.8767090      0.0139612
    549.8773804      0.0136336
    549.8780518      0.0128867
    549.8787231      0.0136538
    549.8794556      0.0128616
    549.8801270      0.0123155
    549.8807983      0.0125711
    549.8814697      0.0118484
    549.8821411      0.0118002
    549.8828125      0.0112191
    549.8834839      0.0118757
    549.8842163      0.0107094
    549.8848877      0.0106169
    549.8855591      0.0103087
    549.8862305      0.0103518
    549.8869019      0.0103773
    549.8875732      0.0109570
    549.8883057      0.0097478
    549.8889771      0.0099563
    549.8896484      0.0098611
    549.8903198      0.0098045
    549.8909912      0.0092599
    549.8916626      0.0089953
    549.8923950      0.0084451
    549.8930664      0.0093648
    549.8937378      0.0084555
    549.8944092      0.0079930
    549.8950806      0.0079652
    549.8957520      0.0082107
    549.8964844      0.0082995
    549.8971558      0.0075693
    549.8978271      0.0075124
    549.8984985      0.0075128
    549.8991699      0.0070245
    549.8998413      0.0072558
    549.9005127      0.0068989
    549.9012451      0.0066077
    549.9019165      0.0067864
    549.9025879      0.0067597
    549.9032593      0.0065419
    549.9039307      0.0066793
    549.9046021      0.0092895
    549.9053345      0.0078779
    549.9060059      0.0074074
    549.9066772      0.0067421
    549.9073486      0.0075889
    549.9080200      0.0073128
    549.9086914      0.0067903
    549.9094238      0.0067163
    549.9100952      0.0063255
    549.9107666      0.0063241
    549.9114380      0.0056371
    549.9121094      0.0051055
    549.9127808      0.0052891
    549.9135132      0.0055659
    549.9141846      0.0052376
    549.9148560      0.0044403
    549.9155273      0.0048787
    549.9161987      0.0047872
    549.9168701      0.0045906
    549.9175415      0.0046853
    549.9182739      0.0050133
    549.9189453      0.0049976
    549.9196167      0.0037342
    549.9202881      0.0040597
    549.9209595      0.0038384
    549.9216309      0.0041179
    549.9223633      0.0040227
    549.9230347      0.0048996
    549.9237061      0.0041070
    549.9243774      0.0042833
    549.9250488      0.0037663
    549.9257202      0.0045232
    549.9264526      0.0049100
    549.9271240      0.0042180
    549.9277954      0.0038045
    549.9284668      0.0046198
    549.9291382      0.0041096
    549.9298096      0.0038785
    549.9305420      0.0047053
    549.9312134      0.0040891
    549.9318848      0.0043988
    549.9325562      0.0044618
    549.9332275      0.0037654
    549.9338989      0.0042736
    549.9345703      0.0049580
    549.9353027      0.0051243
    549.9359741      0.0037686
    549.9366455      0.0039366
    549.9373169      0.0038928
    549.9379883      0.0035956
    549.9386597      0.0036316
    549.9393921      0.0039774
    549.9400635      0.0037223
    549.9407349      0.0035114
    549.9414062      0.0039442
    549.9420776      0.0039238
    549.9427490      0.0033519
    549.9434814      0.0031454
    549.9441528      0.0035101
    549.9448242      0.0035237
    549.9454956      0.0029440
    549.9461670      0.0041795
    549.9468384      0.0077682
    549.9475708      0.0098755
    549.9482422      0.0054915
    549.9489136      0.0044054
    549.9495850      0.0036807
    549.9502563      0.0037335
    549.9509277      0.0029375
    549.9515991      0.0027098
    549.9523315      0.0032738
    549.9530029      0.0032611
    549.9536743      0.0023697
    549.9543457      0.0023776
    549.9550171      0.0027528
    549.9564209      0.0017424
    549.9570923      0.0018770
    549.9577637      0.0018406
    549.9584351      0.0009019
    549.9591064      0.0016140
    549.9597778      0.0019877
    549.9605103      0.0017837
    549.9611816      0.0010464
    549.9618530      0.0012883
    549.9625244      0.0006612
    549.9631958      0.0013406
    549.9638672      0.0012241
    549.9645386      0.0013154
