   1130.1004639 278953.3437500
   1130.1011963 278892.9687500
   1130.1018066 278764.7500000
   1130.1025391 278585.8750000
   1130.1031494 278735.9687500
   1130.1038818 278879.3125000
   1130.1046143 278816.4375000
   1130.1052246 278842.7500000
   1130.1059570 278708.0937500
   1130.1065674 278674.8750000
   1130.1072998 278600.1562500
   1130.1080322 278637.4687500
   1130.1086426 278788.9375000
   1130.1093750 278626.9062500
   1130.1099854 278573.6250000
   1130.1107178 278377.1250000
   1130.1113281 278303.5625000
   1130.1120605 278472.7812500
   1130.1127930 278135.0312500
   1130.1134033 278191.5937500
   1130.1141357 278195.0937500
   1130.1147461 278100.3437500
   1130.1154785 277901.4062500
   1130.1160889 277977.0937500
   1130.1168213 278062.6875000
   1130.1175537 277825.4062500
   1130.1181641 277925.5000000
   1130.1188965 278009.7812500
   1130.1195068 277929.2500000
   1130.1202393 277746.9062500
   1130.1209717 277775.4375000
   1130.1215820 277743.4375000
   1130.1223145 277588.1250000
   1130.1229248 277629.6562500
   1130.1236572 277588.5312500
   1130.1242676 277598.8125000
   1130.1250000 277465.5000000
   1130.1257324 277491.0625000
   1130.1263428 277520.4062500
   1130.1270752 277455.6250000
   1130.1276855 277284.3125000
   1130.1284180 277347.5937500
   1130.1291504 277024.7812500
   1130.1297607 277311.1875000
   1130.1304932 277353.1875000
   1130.1311035 277070.4687500
   1130.1318359 277289.0625000
   1130.1324463 277244.8437500
   1130.1331787 276992.7500000
   1130.1339111 277068.4062500
   1130.1345215 277027.1250000
   1130.1352539 277048.2500000
   1130.1358643 276773.0937500
   1130.1365967 276848.2812500
   1130.1372070 276848.5625000
   1130.1379395 276926.8125000
   1130.1386719 276872.7187500
   1130.1392822 276822.8437500
   1130.1400146 276792.2187500
   1130.1406250 276754.3125000
   1130.1413574 276644.5625000
   1130.1420898 276722.6562500
   1130.1427002 276753.2500000
   1130.1434326 277020.9687500
   1130.1440430 277568.1562500
   1130.1447754 277160.9687500
   1130.1453857 277008.1875000
   1130.1461182 276773.0000000
   1130.1468506 276856.0312500
   1130.1474609 276869.4062500
   1130.1481934 276645.4687500
   1130.1488037 276524.5625000
   1130.1495361 276628.7500000
   1130.1501465 276433.3437500
   1130.1508789 276491.1875000
   1130.1516113 276409.4375000
   1130.1522217 276427.9687500
   1130.1529541 276235.7500000
   1130.1535645 276283.5625000
   1130.1542969 276230.5312500
   1130.1550293 279562.6875000
   1130.1556396 279856.7187500
   1130.1563721 278246.6250000
   1130.1569824 277970.1562500
   1130.1577148 277495.3437500
   1130.1583252 277128.2187500
   1130.1590576 277064.7500000
   1130.1597900 277095.7812500
   1130.1604004 276866.1875000
   1130.1611328 276546.3125000
   1130.1617432 276800.2500000
   1130.1624756 278681.6250000
   1130.1630859 278281.5312500
   1130.1638184 277446.2500000
   1130.1645508 277382.0312500
   1130.1651611 277152.1562500
   1130.1658936 277125.3750000
   1130.1665039 278315.5625000
   1130.1672363 278164.5625000
   1130.1679688 277551.0000000
   1130.1685791 277414.6250000
   1130.1693115 277129.0937500
   1130.1699219 276966.7812500
   1130.1706543 276894.9687500
   1130.1712646 277016.5312500
   1130.1719971 277018.3750000
   1130.1727295 276809.9687500
   1130.1733398 276813.5937500
   1130.1740723 276648.8125000
   1130.1746826 276634.6875000
   1130.1754150 276501.3437500
   1130.1760254 276407.0625000
   1130.1767578 276354.3437500
   1130.1774902 276507.2500000
   1130.1781006 276515.9687500
   1130.1788330 276133.4687500
   1130.1794434 276250.4375000
   1130.1801758 276355.0625000
   1130.1809082 277234.0937500
   1130.1815186 276580.8750000
   1130.1822510 276321.2187500
   1130.1828613 276249.6250000
   1130.1835938 276119.9687500
   1130.1842041 276032.0937500
   1130.1849365 276033.3750000
   1130.1856689 276093.0625000
   1130.1862793 275942.0000000
   1130.1870117 275887.0625000
   1130.1876221 276200.1250000
   1130.1883545 275830.7812500
   1130.1890869 275700.0937500
   1130.1896973 275811.7187500
   1130.1904297 275813.8437500
   1130.1910400 275776.3125000
   1130.1917725 275679.8125000
   1130.1923828 275661.8437500
   1130.1931152 275781.3750000
   1130.1938477 276013.2500000
   1130.1944580 275702.1875000
   1130.1951904 275654.8125000
   1130.1958008 275526.6562500
   1130.1965332 275616.4687500
   1130.1971436 275348.5000000
   1130.1978760 275354.4062500
   1130.1986084 275624.1250000
   1130.1992188 275677.4375000
   1130.1999512 275577.5312500
   1130.2005615 275414.6875000
   1130.2012939 275366.1875000
   1130.2020264 275388.5625000
   1130.2026367 275310.4375000
   1130.2033691 275206.9687500
   1130.2039795 275404.8750000
   1130.2047119 275164.6562500
   1130.2053223 275149.7812500
   1130.2060547 275186.3750000
   1130.2067871 275030.7812500
   1130.2073975 275254.2812500
   1130.2081299 275580.5937500
   1130.2087402 275326.5625000
   1130.2094727 275229.2187500
   1130.2100830 275150.5312500
   1130.2108154 275159.9375000
   1130.2115479 275161.9687500
   1130.2121582 275091.0000000
   1130.2128906 274888.7187500
   1130.2135010 274988.5312500
   1130.2142334 275042.4375000
   1130.2149658 275079.8750000
   1130.2155762 275035.9062500
   1130.2163086 275001.5000000
   1130.2169189 275214.7187500
   1130.2176514 275146.2500000
   1130.2182617 274989.8125000
   1130.2189941 275191.0312500
   1130.2197266 274917.0937500
   1130.2203369 274922.5937500
   1130.2210693 275132.5625000
   1130.2216797 275043.9687500
   1130.2224121 274857.5625000
   1130.2230225 275108.6562500
   1130.2237549 275042.7812500
   1130.2244873 274916.9687500
   1130.2250977 275000.3750000
   1130.2258301 274978.9687500
   1130.2264404 274902.2187500
   1130.2271729 274758.8437500
   1130.2279053 275212.6562500
   1130.2285156 275363.3125000
   1130.2292480 275107.2500000
   1130.2298584 275181.4062500
   1130.2305908 275261.5000000
   1130.2312012 275258.0625000
   1130.2319336 275182.6562500
   1130.2326660 275144.6250000
   1130.2332764 275152.9687500
   1130.2340088 275191.3125000
   1130.2346191 275024.5937500
   1130.2353516 275138.2812500
   1130.2360840 275096.0312500
   1130.2366943 275314.2812500
   1130.2374268 275013.1875000
   1130.2380371 275245.4687500
   1130.2387695 275079.2812500
   1130.2393799 275092.2812500
   1130.2401123 275243.4375000
   1130.2408447 275092.1875000
   1130.2414551 275199.4375000
   1130.2421875 275110.9375000
   1130.2427979 275278.9687500
   1130.2435303 275267.3750000
   1130.2441406 275545.9375000
   1130.2448730 275520.5625000
   1130.2456055 275774.7500000
   1130.2462158 275635.5625000
   1130.2469482 275689.7812500
   1130.2475586 275554.0937500
   1130.2482910 275642.7187500
   1130.2496338 275659.9375000
   1130.2503662 275659.0312500
   1130.2509766 275503.8437500
   1130.2517090 275650.5625000
   1130.2523193 275646.2812500
   1130.2530518 276094.8750000
   1130.2537842 276332.4375000
   1130.2543945 275947.8750000
   1130.2551270 275882.4062500
   1130.2557373 275948.9687500
   1130.2564697 275603.8125000
   1130.2570801 275833.7500000
   1130.2578125 275843.2812500
   1130.2585449 275800.2187500
   1130.2591553 275793.6250000
   1130.2598877 275647.1875000
   1130.2604980 275727.9375000
   1130.2612305 275536.4375000
   1130.2619629 275901.3750000
   1130.2625732 275752.3750000
   1130.2633057 275679.9687500
   1130.2639160 275664.9375000
   1130.2646484 275773.4375000
   1130.2652588 275784.3125000
   1130.2659912 275688.9062500
   1130.2667236 276055.8750000
   1130.2673340 275832.8437500
   1130.2680664 275766.0312500
   1130.2686768 275691.0937500
   1130.2694092 275639.5937500
   1130.2707520 275851.1562500
   1130.2714844 275808.9062500
   1130.2720947 275786.1562500
   1130.2728271 275745.4062500
   1130.2734375 275789.7187500
   1130.2741699 275735.4687500
   1130.2749023 275913.1562500
   1130.2755127 275902.0312500
   1130.2762451 275774.4062500
   1130.2768555 275833.0000000
   1130.2775879 275959.5625000
   1130.2781982 276165.3750000
   1130.2789307 276118.0000000
   1130.2796631 276013.1250000
   1130.2802734 275922.1250000
   1130.2810059 275979.3750000
   1130.2816162 276109.5625000
   1130.2823486 276093.4062500
   1130.2830811 276076.6250000
   1130.2836914 276037.1250000
   1130.2844238 275995.7187500
   1130.2850342 275987.0625000
   1130.2857666 276099.2812500
   1130.2863770 275990.1875000
   1130.2871094 275956.0937500
   1130.2878418 275979.1875000
   1130.2884521 276042.9375000
   1130.2891846 276019.4375000
   1130.2897949 276432.5312500
   1130.2911377 279382.5625000
   1130.2918701 278507.7812500
   1130.2926025 278250.0937500
   1130.2932129 278061.5000000
   1130.2939453 277686.1250000
   1130.2945557 277651.1250000
   1130.2952881 277510.2187500
   1130.2960205 277263.5937500
   1130.2966309 277377.3750000
   1130.2973633 277313.0937500
   1130.2979736 277207.3437500
   1130.2987061 277171.1562500
   1130.2993164 277253.7812500
   1130.3000488 277057.4062500
   1130.3007812 277020.0312500
   1130.3013916 276976.5625000
   1130.3021240 277122.5000000
   1130.3027344 277012.1562500
   1130.3034668 277001.6250000
   1130.3040771 276866.2187500
   1130.3048096 276939.8125000
   1130.3055420 276952.7500000
   1130.3061523 276962.6250000
   1130.3068848 276893.7500000
   1130.3074951 276892.9062500
   1130.3082275 276805.4687500
   1130.3089600 276698.6250000
   1130.3095703 276727.4375000
   1130.3103027 276950.6562500
   1130.3109131 276645.8125000
   1130.3116455 276737.5625000
   1130.3122559 276821.1250000
   1130.3129883 276830.2187500
   1130.3137207 276848.1562500
   1130.3143311 276869.4062500
   1130.3150635 276780.4687500
   1130.3156738 276719.6562500
   1130.3164062 276873.7500000
   1130.3170166 276590.3125000
   1130.3177490 276959.4375000
   1130.3184814 277076.4687500
   1130.3190918 276922.2500000
   1130.3198242 276839.6562500
   1130.3204346 276889.0000000
   1130.3211670 276690.4062500
   1130.3218994 276836.1250000
   1130.3225098 276751.5625000
   1130.3232422 276784.8125000
   1130.3238525 276893.0312500
   1130.3245850 276707.5625000
   1130.3251953 276711.2812500
   1130.3259277 276673.9375000
   1130.3266602 276685.5312500
   1130.3272705 276876.7500000
   1130.3280029 276886.0625000
   1130.3286133 276794.3750000
   1130.3293457 277014.0312500
   1130.3299561 276808.2187500
   1130.3306885 276818.6562500
   1130.3314209 276770.7500000
   1130.3320312 276698.5937500
   1130.3327637 276432.1875000
   1130.3333740 276639.7812500
   1130.3341064 276733.9687500
   1130.3348389 276672.6562500
   1130.3354492 276771.8125000
   1130.3361816 276771.2500000
   1130.3367920 276817.7500000
   1130.3375244 276668.2500000
   1130.3381348 276655.8437500
   1130.3388672 276703.0312500
   1130.3395996 276884.0000000
   1130.3402100 276644.5937500
   1130.3409424 276684.1562500
   1130.3415527 276684.4062500
   1130.3422852 277024.5000000
   1130.3430176 276932.7812500
   1130.3436279 276753.9375000
   1130.3443604 276828.7500000
   1130.3449707 276661.5312500
   1130.3457031 276816.0312500
   1130.3463135 276841.0625000
   1130.3470459 276646.4375000
   1130.3477783 276565.3750000
   1130.3483887 276683.7812500
   1130.3491211 276650.4062500
   1130.3497314 276816.5625000
   1130.3504639 276616.8125000
   1130.3510742 276549.0937500
   1130.3518066 276894.9687500
   1130.3525391 277158.5625000
   1130.3531494 276793.8437500
   1130.3538818 276825.0937500
   1130.3544922 276700.9375000
   1130.3552246 276675.0625000
   1130.3559570 276943.6875000
   1130.3565674 276815.2500000
   1130.3572998 276653.6562500
   1130.3579102 276610.3750000
   1130.3586426 276600.3125000
   1130.3592529 276569.0625000
   1130.3599854 276654.4375000
   1130.3607178 276622.2812500
   1130.3613281 276557.5000000
   1130.3620605 276658.1875000
   1130.3626709 276574.8125000
   1130.3634033 276622.8125000
   1130.3640137 276644.8750000
   1130.3647461 276449.8125000
   1130.3654785 276718.6562500
   1130.3660889 276725.9375000
   1130.3668213 276737.8125000
   1130.3674316 276654.9375000
   1130.3681641 276622.7187500
   1130.3688965 276618.6250000
   1130.3695068 276622.4062500
   1130.3702393 276508.8437500
   1130.3715820 276435.0625000
   1130.3721924 276424.7187500
   1130.3729248 276472.5625000
   1130.3736572 276604.3437500
   1130.3742676 276635.1875000
   1130.3750000 276567.5000000
   1130.3756104 276671.0312500
   1130.3763428 276570.3750000
   1130.3769531 276735.9062500
   1130.3776855 277220.3125000
   1130.3784180 276788.8750000
   1130.3790283 276781.9375000
   1130.3797607 276718.7812500
   1130.3803711 276827.0000000
   1130.3811035 276804.1250000
   1130.3818359 276659.6562500
   1130.3824463 276519.0625000
   1130.3831787 276471.6875000
   1130.3837891 276628.2812500
   1130.3845215 276545.2812500
   1130.3851318 276326.0625000
   1130.3858643 276538.7187500
   1130.3865967 276468.5937500
   1130.3872070 276589.3750000
   1130.3879395 276422.5937500
   1130.3885498 276418.7812500
   1130.3892822 276384.1250000
   1130.3900146 276144.5312500
   1130.3906250 276227.7500000
   1130.3913574 276327.5625000
   1130.3919678 276237.0000000
   1130.3927002 276295.4375000
   1130.3933105 275984.5312500
   1130.3940430 276332.9062500
   1130.3947754 276301.1875000
   1130.3953857 276178.9375000
   1130.3961182 276107.5312500
   1130.3967285 276121.9375000
   1130.3974609 276192.1562500
   1130.3980713 276116.4687500
   1130.3988037 276092.5625000
   1130.3995361 276290.7500000
   1130.4001465 276037.3750000
   1130.4008789 276153.0937500
   1130.4014893 276153.9687500
   1130.4022217 275987.0625000
   1130.4029541 275957.6562500
   1130.4035645 275984.8437500
   1130.4042969 276440.9375000
   1130.4049072 276560.3125000
   1130.4056396 276310.1250000
   1130.4062500 276133.7812500
   1130.4069824 276114.3437500
   1130.4077148 275980.0000000
   1130.4083252 276058.0937500
   1130.4090576 276144.5000000
   1130.4096680 275811.8437500
   1130.4104004 275958.7812500
   1130.4110107 275869.7187500
   1130.4117432 275873.7500000
   1130.4124756 275817.9687500
   1130.4130859 275979.8125000
   1130.4138184 275767.8750000
   1130.4144287 275783.9375000
   1130.4151611 275734.6562500
   1130.4158936 275918.5000000
   1130.4165039 275921.7500000
   1130.4172363 275848.7812500
   1130.4178467 276165.8750000
   1130.4185791 276115.3437500
   1130.4191895 276081.7812500
   1130.4199219 276079.5625000
   1130.4206543 275810.5937500
   1130.4212646 276756.7500000
   1130.4219971 276074.4062500
   1130.4226074 276045.0625000
   1130.4233398 275835.8750000
   1130.4239502 275899.1250000
   1130.4246826 275825.5937500
   1130.4254150 275839.4687500
   1130.4260254 275624.2812500
   1130.4267578 275692.1875000
   1130.4273682 275503.1250000
   1130.4281006 275643.8750000
   1130.4288330 275564.1875000
   1130.4294434 275650.3750000
   1130.4301758 275371.6250000
   1130.4307861 275439.0312500
   1130.4315186 275644.0625000
   1130.4321289 275773.8437500
   1130.4328613 275526.8437500
   1130.4335938 275446.0000000
   1130.4342041 275353.3750000
   1130.4349365 275569.4375000
   1130.4355469 275195.9375000
   1130.4362793 275156.1562500
   1130.4370117 275466.2812500
   1130.4376221 275377.4062500
   1130.4383545 275509.3125000
   1130.4389648 275252.7500000
   1130.4396973 275409.9687500
   1130.4403076 275456.7812500
   1130.4410400 275554.6250000
   1130.4417725 275410.8125000
   1130.4423828 275436.5000000
   1130.4431152 275520.1562500
   1130.4437256 275279.2812500
   1130.4444580 275249.8125000
   1130.4450684 275251.1562500
   1130.4458008 275160.3750000
   1130.4465332 275131.3125000
   1130.4471436 275046.4062500
   1130.4478760 275110.8437500
   1130.4484863 275158.1875000
   1130.4492188 275120.2187500
   1130.4499512 275192.4062500
   1130.4505615 275041.0312500
   1130.4512939 274988.3125000
   1130.4519043 275121.0937500
   1130.4526367 275088.5937500
   1130.4532471 275084.2500000
   1130.4539795 275206.4687500
   1130.4547119 275078.8750000
   1130.4553223 275017.2812500
   1130.4560547 275241.4375000
   1130.4566650 275259.0625000
   1130.4573975 275011.9687500
   1130.4580078 275071.2500000
   1130.4587402 275003.3125000
   1130.4594727 275037.9062500
   1130.4600830 275197.1875000
   1130.4608154 275129.4375000
   1130.4614258 275107.3750000
   1130.4621582 275315.3750000
   1130.4628906 275266.4375000
   1130.4635010 275193.2812500
   1130.4642334 275069.5625000
   1130.4648438 275151.0000000
   1130.4655762 275267.7187500
   1130.4661865 275091.2500000
   1130.4669189 275025.0000000
   1130.4676514 274881.1250000
   1130.4682617 275322.2187500
   1130.4689941 275073.3437500
   1130.4696045 275079.9062500
   1130.4703369 274952.3125000
   1130.4709473 274952.2812500
   1130.4716797 274977.9687500
   1130.4724121 274896.1875000
   1130.4730225 274993.2187500
   1130.4737549 274966.3750000
   1130.4743652 274880.0000000
   1130.4750977 274897.4062500
   1130.4758301 275006.3750000
   1130.4764404 275107.8750000
   1130.4771729 274960.8750000
   1130.4777832 275167.6562500
   1130.4785156 275820.5312500
   1130.4791260 275667.9062500
   1130.4798584 275509.5312500
   1130.4805908 275485.5312500
   1130.4812012 275512.4062500
   1130.4819336 275397.7500000
   1130.4825439 275287.7187500
   1130.4832764 275359.1875000
   1130.4840088 275125.1875000
   1130.4846191 275232.6875000
   1130.4853516 275233.5312500
   1130.4859619 275111.2187500
   1130.4866943 275068.7187500
   1130.4873047 275088.7812500
   1130.4880371 275236.4062500
   1130.4887695 275149.7500000
   1130.4893799 275082.4062500
   1130.4901123 275251.0312500
   1130.4907227 275469.2500000
   1130.4914551 275274.5937500
   1130.4920654 275120.0000000
   1130.4927979 275138.7187500
   1130.4935303 275134.4375000
   1130.4941406 275207.5312500
   1130.4948730 275242.7187500
   1130.4954834 275201.3750000
   1130.4962158 275083.3125000
   1130.4969482 275209.9062500
   1130.4975586 275128.6562500
   1130.4982910 275301.5937500
   1130.4989014 275424.3125000
   1130.4996338 275299.5625000
   1130.5002441 275171.3750000
   1130.5009766 275177.0625000
   1130.5017090 275322.3437500
   1130.5023193 275417.1250000
   1130.5030518 275299.9062500
   1130.5036621 275331.6562500
   1130.5043945 275481.1562500
   1130.5050049 275475.8437500
   1130.5057373 275476.1562500
   1130.5064697 275282.1875000
   1130.5070801 275417.9375000
   1130.5078125 275419.6562500
   1130.5084229 275351.3750000
   1130.5091553 275408.0625000
   1130.5098877 275453.4375000
   1130.5104980 275415.0312500
   1130.5112305 275589.3437500
   1130.5118408 275638.1562500
   1130.5125732 275482.4375000
   1130.5131836 275553.0625000
   1130.5139160 275622.8750000
   1130.5146484 275594.2812500
   1130.5152588 275645.1875000
   1130.5159912 275666.7187500
   1130.5166016 275626.8750000
   1130.5173340 275710.9687500
   1130.5179443 275794.2500000
   1130.5186768 275713.1562500
   1130.5194092 275556.1250000
   1130.5200195 275617.6875000
   1130.5207520 275687.1250000
   1130.5213623 275996.1562500
   1130.5220947 275776.7812500
   1130.5228271 275784.0312500
   1130.5234375 275596.0937500
   1130.5241699 275904.9062500
   1130.5247803 275738.5000000
   1130.5255127 275861.0937500
   1130.5261230 275722.1875000
   1130.5268555 275930.2500000
   1130.5275879 275914.9687500
   1130.5281982 275986.3750000
   1130.5289307 275937.9062500
   1130.5295410 276008.1562500
   1130.5302734 275887.5937500
   1130.5308838 276192.8750000
   1130.5316162 275963.3125000
   1130.5323486 276130.0625000
   1130.5329590 276167.6250000
   1130.5336914 276072.9062500
   1130.5343018 276267.0625000
   1130.5350342 276283.9375000
   1130.5357666 276203.8750000
   1130.5363770 276317.7187500
   1130.5371094 276180.5312500
   1130.5377197 276390.7812500
   1130.5384521 276404.8750000
   1130.5390625 276423.0937500
   1130.5397949 276375.0625000
   1130.5405273 276553.5000000
   1130.5411377 276577.0000000
   1130.5418701 276629.2812500
   1130.5424805 276634.8125000
   1130.5432129 276682.0312500
   1130.5439453 277028.5937500
   1130.5445557 277320.4375000
   1130.5452881 277094.1562500
   1130.5458984 276975.6875000
   1130.5466309 277051.9062500
   1130.5472412 277026.6562500
   1130.5479736 277756.4062500
   1130.5487061 280544.9375000
   1130.5493164 279339.3437500
   1130.5500488 278988.5000000
   1130.5506592 278759.8437500
   1130.5513916 278285.9375000
   1130.5520020 278088.3437500
   1130.5527344 277818.1250000
   1130.5534668 277701.4687500
   1130.5540771 277650.8437500
   1130.5554199 277518.7500000
   1130.5561523 277512.7812500
   1130.5568848 277624.5625000
   1130.5574951 277465.5937500
   1130.5582275 277570.0625000
   1130.5588379 277591.1562500
   1130.5595703 277458.3750000
   1130.5601807 277428.7500000
   1130.5609131 277498.8125000
   1130.5616455 277559.3750000
   1130.5622559 277537.9062500
   1130.5629883 277511.4062500
   1130.5635986 277526.0312500
   1130.5643311 277569.5937500
   1130.5649414 277563.1562500
   1130.5656738 277432.3125000
   1130.5664062 277557.5625000
   1130.5670166 277578.2500000
   1130.5677490 277741.9375000
   1130.5683594 277672.1250000
   1130.5690918 277681.0312500
   1130.5698242 277581.3750000
   1130.5704346 277575.3125000
   1130.5711670 277639.1875000
   1130.5717773 277631.3437500
   1130.5725098 277727.9375000
   1130.5731201 277864.0937500
   1130.5738525 277720.9375000
   1130.5745850 277759.8437500
   1130.5751953 277812.8437500
   1130.5759277 278006.2187500
   1130.5765381 277925.1250000
   1130.5772705 277874.7187500
   1130.5778809 277981.4062500
   1130.5786133 277812.0000000
   1130.5793457 277879.5625000
   1130.5799561 277823.2812500
   1130.5806885 278092.4062500
   1130.5812988 278302.5312500
   1130.5820312 277998.5937500
   1130.5827637 278080.4687500
   1130.5833740 278071.9375000
   1130.5841064 278108.3750000
   1130.5847168 278131.1875000
   1130.5854492 278136.5625000
   1130.5860596 278204.8750000
   1130.5867920 278182.6250000
   1130.5875244 278141.6562500
   1130.5881348 278247.1562500
   1130.5888672 278282.1875000
   1130.5894775 278229.1250000
   1130.5902100 278244.5312500
   1130.5909424 278487.2500000
   1130.5915527 278257.0312500
   1130.5922852 278216.9687500
   1130.5928955 278414.5937500
   1130.5936279 278334.1562500
   1130.5942383 278371.3437500
   1130.5949707 278431.1250000
   1130.5957031 278245.1250000
   1130.5963135 278343.8750000
   1130.5970459 278484.8437500
   1130.5976562 278468.3125000
   1130.5983887 278328.9375000
   1130.5989990 278687.6875000
   1130.5997314 278459.3125000
   1130.6004639 278451.3125000
   1130.6010742 278761.6250000
   1130.6018066 278927.7812500
   1130.6024170 278990.1875000
   1130.6031494 278793.5937500
   1130.6038818 278867.5312500
   1130.6044922 278900.9687500
   1130.6052246 278753.8437500
   1130.6058350 278866.6875000
   1130.6065674 279214.2187500
   1130.6071777 279147.0625000
   1130.6079102 279253.7812500
   1130.6086426 279299.5312500
   1130.6092529 279144.6250000
   1130.6099854 279241.7812500
   1130.6105957 279272.4062500
   1130.6113281 279120.2500000
   1130.6119385 279212.2500000
   1130.6126709 279384.5312500
   1130.6134033 279155.7500000
   1130.6140137 279283.4375000
   1130.6147461 279247.7500000
   1130.6153564 279517.2812500
   1130.6160889 279268.0937500
   1130.6168213 279213.9375000
   1130.6174316 279317.9375000
   1130.6181641 279420.4375000
   1130.6187744 279590.7812500
   1130.6195068 279483.5625000
   1130.6201172 279606.2500000
   1130.6208496 279503.5625000
   1130.6215820 279578.9375000
   1130.6221924 279962.4062500
   1130.6229248 279904.1875000
   1130.6235352 279803.9375000
   1130.6242676 279646.0937500
   1130.6248779 279756.3125000
   1130.6256104 279801.5625000
   1130.6263428 279818.8437500
   1130.6276855 279998.7187500
   1130.6282959 279759.7812500
   1130.6290283 279812.5312500
   1130.6297607 279772.4375000
   1130.6303711 279737.1875000
   1130.6311035 279801.7812500
   1130.6317139 279790.6562500
   1130.6324463 279942.6875000
   1130.6330566 279798.1875000
   1130.6337891 279758.0937500
   1130.6345215 279778.0000000
   1130.6351318 279785.3750000
   1130.6358643 279762.4375000
   1130.6364746 279809.6562500
   1130.6372070 279781.1875000
   1130.6378174 279626.2187500
   1130.6385498 279697.1562500
   1130.6392822 279554.9687500
   1130.6398926 279712.8437500
   1130.6406250 279756.2187500
   1130.6412354 279688.1562500
   1130.6419678 279848.4375000
   1130.6427002 280222.3750000
   1130.6433105 279942.4062500
   1130.6440430 280012.0625000
   1130.6446533 279952.0000000
   1130.6453857 280225.2500000
   1130.6459961 280340.3125000
   1130.6467285 280169.2812500
   1130.6474609 279999.4687500
   1130.6480713 280047.1250000
   1130.6488037 279965.0937500
   1130.6494141 279909.9062500
   1130.6501465 280000.4687500
   1130.6508789 279973.9062500
   1130.6514893 279892.5000000
   1130.6522217 279880.6562500
   1130.6528320 279754.3125000
   1130.6535645 279604.2187500
   1130.6541748 279921.7812500
   1130.6549072 279760.2187500
   1130.6556396 279683.8750000
   1130.6562500 279822.0625000
   1130.6569824 279580.9062500
   1130.6575928 279387.5937500
   1130.6583252 279706.5312500
   1130.6589355 279670.7187500
   1130.6596680 279614.8750000
   1130.6604004 279502.9062500
   1130.6610107 279525.0937500
   1130.6617432 279352.8437500
   1130.6623535 279563.8125000
   1130.6630859 279544.7500000
   1130.6638184 279470.5937500
   1130.6644287 280539.4687500
   1130.6651611 280591.0000000
   1130.6657715 280290.0937500
   1130.6665039 279953.1562500
   1130.6671143 279818.4375000
   1130.6678467 279760.0312500
   1130.6685791 279703.6562500
   1130.6691895 279571.1562500
   1130.6699219 279525.1875000
   1130.6705322 279583.0000000
   1130.6712646 279568.2187500
   1130.6718750 279508.7187500
   1130.6726074 279345.0000000
   1130.6733398 279312.3437500
   1130.6739502 279339.3125000
   1130.6746826 279437.5625000
   1130.6752930 279240.4375000
   1130.6760254 279480.6562500
   1130.6767578 279259.7187500
   1130.6773682 279406.6562500
   1130.6781006 279350.1562500
   1130.6787109 279226.9062500
   1130.6794434 279199.3750000
   1130.6800537 279411.3125000
   1130.6807861 279137.1250000
   1130.6815186 279269.6562500
   1130.6821289 279127.8125000
   1130.6828613 279325.1562500
   1130.6834717 279002.9375000
   1130.6842041 279162.1875000
   1130.6848145 279196.0000000
   1130.6855469 279262.8125000
   1130.6868896 279102.1875000
   1130.6876221 279394.6875000
   1130.6882324 279869.7500000
   1130.6889648 279445.2187500
   1130.6896973 279286.9375000
   1130.6903076 279205.9062500
   1130.6910400 279116.6250000
   1130.6916504 278998.9375000
   1130.6923828 278811.4062500
   1130.6929932 278788.7500000
   1130.6937256 279090.3437500
   1130.6944580 278808.0625000
   1130.6950684 278744.2812500
   1130.6958008 278782.2812500
   1130.6964111 278710.4375000
   1130.6971436 278544.0000000
   1130.6978760 278646.5312500
   1130.6984863 278495.0312500
   1130.6992188 278433.5937500
   1130.6998291 278406.7500000
   1130.7005615 278430.1250000
   1130.7019043 278463.1562500
   1130.7026367 278332.3437500
   1130.7032471 278078.0937500
   1130.7039795 278154.0937500
   1130.7045898 278063.9062500
   1130.7053223 278109.9062500
   1130.7059326 278187.5625000
   1130.7066650 277926.1875000
   1130.7073975 278037.0000000
   1130.7080078 278014.6250000
   1130.7087402 277945.0937500
   1130.7093506 277858.0000000
   1130.7100830 277871.1250000
   1130.7108154 277899.2812500
   1130.7114258 277820.4062500
   1130.7121582 277928.2187500
   1130.7127686 277745.2812500
   1130.7135010 277734.4375000
   1130.7141113 277753.7500000
   1130.7148438 277779.0312500
   1130.7155762 277464.5625000
   1130.7161865 277680.8437500
   1130.7169189 277536.4375000
   1130.7175293 277554.1250000
   1130.7182617 277429.6875000
   1130.7188721 277409.5000000
   1130.7196045 277387.5625000
   1130.7203369 277497.2500000
   1130.7209473 277251.6250000
   1130.7216797 277408.8750000
   1130.7222900 277502.8750000
   1130.7230225 277421.6875000
   1130.7237549 277310.9375000
   1130.7243652 277105.8750000
   1130.7250977 277071.0312500
   1130.7257080 277298.6562500
   1130.7264404 277045.7500000
   1130.7270508 277075.0312500
   1130.7277832 276862.5937500
   1130.7285156 276819.9375000
   1130.7291260 276851.2500000
   1130.7298584 276924.8125000
   1130.7304688 276971.9687500
   1130.7312012 276765.6562500
   1130.7318115 276859.6250000
   1130.7325439 276685.3125000
   1130.7332764 276609.6562500
   1130.7338867 276538.5312500
   1130.7346191 276487.1562500
   1130.7352295 276461.8125000
   1130.7359619 276525.8750000
   1130.7366943 276479.4375000
   1130.7373047 276433.7187500
   1130.7380371 276371.0000000
   1130.7386475 276431.5000000
   1130.7393799 276302.7187500
   1130.7399902 276458.0625000
   1130.7407227 276277.2187500
   1130.7414551 276373.6562500
   1130.7420654 276308.0312500
   1130.7427979 276143.9375000
   1130.7434082 276427.9687500
   1130.7441406 276252.8125000
   1130.7448730 276249.6562500
   1130.7454834 276148.7500000
   1130.7462158 276235.8125000
   1130.7468262 276086.8125000
   1130.7475586 276021.0000000
   1130.7481689 275961.9375000
   1130.7489014 275830.8437500
   1130.7496338 276060.7500000
   1130.7502441 275984.8125000
   1130.7509766 275956.4375000
   1130.7515869 276082.6875000
   1130.7523193 275861.8437500
   1130.7529297 275851.1250000
   1130.7536621 276104.7812500
   1130.7543945 276067.1250000
   1130.7550049 276110.5937500
   1130.7557373 275915.5937500
   1130.7563477 275827.7812500
   1130.7570801 275920.3125000
   1130.7578125 275920.3437500
   1130.7584229 275782.7187500
   1130.7591553 275877.1250000
   1130.7597656 275688.0625000
   1130.7604980 275618.0625000
   1130.7611084 275574.3125000
   1130.7618408 275495.4687500
   1130.7625732 275520.0312500
   1130.7631836 275463.2187500
   1130.7639160 275556.8437500
   1130.7645264 275609.0000000
   1130.7652588 275416.7500000
   1130.7658691 275607.3437500
   1130.7666016 275932.2500000
   1130.7673340 276179.2187500
   1130.7679443 276417.9375000
   1130.7686768 276495.2187500
   1130.7692871 276088.0937500
   1130.7700195 275931.1250000
   1130.7707520 275927.9375000
   1130.7713623 275884.0312500
   1130.7720947 275774.3437500
   1130.7727051 275701.3125000
   1130.7734375 275712.3125000
   1130.7740479 275622.9687500
   1130.7747803 275653.8125000
   1130.7755127 275546.3437500
   1130.7761230 275538.7500000
   1130.7768555 275545.3750000
   1130.7774658 275354.7187500
   1130.7781982 275495.5312500
   1130.7788086 275506.7500000
   1130.7795410 275229.5937500
   1130.7802734 275374.0000000
   1130.7808838 275291.4375000
   1130.7816162 275283.2187500
   1130.7822266 275369.6562500
   1130.7829590 275192.2500000
   1130.7836914 275285.6875000
   1130.7850342 275442.6250000
   1130.7856445 275463.9687500
   1130.7863770 275359.5625000
   1130.7869873 275079.2812500
   1130.7877197 275011.8125000
   1130.7884521 275153.8125000
   1130.7890625 275196.3437500
   1130.7897949 275235.6875000
   1130.7904053 275036.7500000
   1130.7911377 274902.2187500
   1130.7918701 275406.6250000
   1130.7924805 275092.3437500
   1130.7932129 275263.6562500
   1130.7938232 275164.6875000
   1130.7945557 275004.2812500
   1130.7951660 275166.8750000
   1130.7958984 275026.2812500
   1130.7966309 275102.6562500
   1130.7972412 275147.0625000
   1130.7979736 275094.9375000
   1130.7985840 274886.6562500
   1130.7993164 275025.1250000
   1130.7999268 274896.6250000
   1130.8006592 274939.3437500
   1130.8013916 275084.6562500
   1130.8020020 274883.4687500
   1130.8027344 274885.5625000
   1130.8033447 275015.3750000
   1130.8040771 275095.7812500
   1130.8048096 274909.8750000
   1130.8054199 274972.1562500
   1130.8061523 274866.8125000
   1130.8067627 275058.2187500
   1130.8074951 275170.3750000
   1130.8081055 275022.1875000
   1130.8088379 274990.4062500
   1130.8095703 274995.2500000
   1130.8101807 274986.3125000
   1130.8109131 274844.9062500
   1130.8115234 275007.5000000
   1130.8122559 274998.1562500
   1130.8128662 274946.1875000
   1130.8135986 274793.7187500
   1130.8143311 274865.4375000
   1130.8149414 274986.5937500
   1130.8156738 275083.0625000
   1130.8162842 274872.0000000
   1130.8170166 274970.7812500
   1130.8177490 274998.7812500
   1130.8183594 274742.6562500
   1130.8190918 275096.6250000
   1130.8197021 275021.5312500
   1130.8204346 274974.9375000
   1130.8210449 275134.6875000
   1130.8217773 275129.8437500
   1130.8225098 275206.9375000
   1130.8231201 275075.7187500
   1130.8238525 274953.5937500
   1130.8244629 275195.1562500
   1130.8251953 275083.2500000
   1130.8258057 274977.1562500
   1130.8265381 275128.4687500
   1130.8272705 275200.2812500
   1130.8278809 275182.6875000
   1130.8286133 275132.3437500
   1130.8292236 276024.2187500
   1130.8299561 279085.8125000
   1130.8306885 277785.3750000
   1130.8312988 277073.0937500
   1130.8320312 277196.6250000
   1130.8326416 277485.7187500
   1130.8333740 277486.1562500
   1130.8339844 277272.0312500
   1130.8347168 277349.5312500
   1130.8354492 276945.7500000
   1130.8360596 276745.3125000
   1130.8367920 276784.6875000
   1130.8374023 276541.8437500
   1130.8381348 276390.6250000
   1130.8387451 276303.2187500
   1130.8394775 276268.5000000
   1130.8402100 276194.3750000
   1130.8408203 276274.1562500
   1130.8415527 276175.0312500
   1130.8421631 276035.9062500
   1130.8428955 275971.3750000
   1130.8436279 275813.4687500
   1130.8442383 275679.6562500
   1130.8449707 275815.1562500
   1130.8455811 275856.2500000
   1130.8463135 275793.9687500
   1130.8469238 275698.3750000
   1130.8476562 275768.9062500
   1130.8483887 275748.8125000
   1130.8489990 275711.9375000
   1130.8497314 275752.0625000
   1130.8503418 275607.2812500
   1130.8510742 275524.6875000
   1130.8518066 275787.3125000
   1130.8524170 276204.8125000
   1130.8531494 276245.5000000
   1130.8537598 276378.6562500
   1130.8544922 276103.2187500
   1130.8551025 276170.8750000
   1130.8558350 276134.3437500
   1130.8565674 275963.1562500
   1130.8571777 275897.8437500
   1130.8579102 275887.2500000
   1130.8585205 276068.1250000
   1130.8592529 276047.5312500
   1130.8598633 275936.2500000
   1130.8605957 275852.1875000
   1130.8613281 275824.0000000
   1130.8619385 276023.6250000
   1130.8626709 276046.2500000
   1130.8632812 275979.5937500
   1130.8640137 275973.4062500
   1130.8647461 275909.6250000
   1130.8653564 275963.0625000
   1130.8660889 276177.4687500
   1130.8666992 275965.0937500
   1130.8674316 275926.6250000
   1130.8680420 275766.9062500
   1130.8687744 276154.8437500
   1130.8695068 276108.7500000
   1130.8701172 276065.4687500
   1130.8708496 276052.6562500
   1130.8714600 276041.9375000
   1130.8721924 276018.7812500
   1130.8728027 276075.0312500
   1130.8735352 276163.0000000
   1130.8742676 276098.9375000
   1130.8748779 276097.1250000
   1130.8756104 276149.5312500
   1130.8762207 276164.1250000
   1130.8769531 276123.5625000
   1130.8776855 276116.0625000
   1130.8782959 276189.5937500
   1130.8790283 276014.1250000
   1130.8796387 276257.5000000
   1130.8803711 276099.9687500
   1130.8809814 276200.5625000
   1130.8817139 276018.3750000
   1130.8824463 276212.8125000
   1130.8830566 276348.3750000
   1130.8837891 276370.0000000
   1130.8843994 276350.2500000
   1130.8851318 276397.8750000
   1130.8857422 276449.3125000
   1130.8864746 276388.4375000
   1130.8872070 276282.0000000
   1130.8878174 276435.5000000
   1130.8885498 276466.3437500
   1130.8891602 276369.5937500
   1130.8898926 277514.5625000
   1130.8906250 276927.0937500
   1130.8912354 276727.1562500
   1130.8919678 276667.2500000
   1130.8925781 276699.2187500
   1130.8933105 276714.5312500
   1130.8939209 276734.5625000
   1130.8946533 276493.6250000
   1130.8953857 276492.5000000
   1130.8959961 276606.6250000
   1130.8967285 276473.9375000
   1130.8973389 276838.1562500
   1130.8980713 276754.7500000
   1130.8988037 276649.7500000
   1130.8994141 276806.2812500
   1130.9001465 276991.0625000
   1130.9014893 276756.4062500
   1130.9020996 276825.0625000
   1130.9028320 276744.1562500
   1130.9035645 276792.4375000
   1130.9041748 276755.9375000
   1130.9049072 276951.6250000
   1130.9055176 276715.3437500
   1130.9062500 276770.0312500
   1130.9068604 276931.6562500
   1130.9075928 276851.1250000
   1130.9083252 276867.4375000
   1130.9089355 276932.8125000
   1130.9096680 276975.7500000
   1130.9102783 277486.1562500
   1130.9110107 278249.2500000
   1130.9117432 280200.1562500
   1130.9123535 282837.8437500
   1130.9130859 286164.8750000
   1130.9136963 289156.9687500
   1130.9144287 290032.0625000
   1130.9150391 291405.4375000
   1130.9157715 289259.8437500
   1130.9165039 286415.6250000
   1130.9171143 285048.5937500
   1130.9178467 283470.7500000
   1130.9184570 282253.6250000
   1130.9191895 281903.7187500
   1130.9197998 281357.5937500
   1130.9205322 281158.9687500
   1130.9212646 281492.7812500
   1130.9218750 281622.6562500
   1130.9226074 281382.4062500
   1130.9232178 281299.9375000
   1130.9239502 281617.1562500
   1130.9246826 281633.1562500
   1130.9252930 281622.0625000
   1130.9260254 281400.9687500
   1130.9266357 281055.5000000
   1130.9273682 280805.2500000
   1130.9279785 280554.4687500
   1130.9287109 280124.6875000
   1130.9294434 279961.7812500
   1130.9300537 279846.8437500
   1130.9307861 279790.2812500
   1130.9313965 279960.4687500
   1130.9321289 279779.0000000
   1130.9327393 279720.7812500
   1130.9334717 279622.0312500
   1130.9342041 280113.9375000
   1130.9348145 279619.7812500
   1130.9355469 279445.9687500
   1130.9361572 279428.4062500
   1130.9368896 279397.3437500
   1130.9376221 279145.5625000
   1130.9382324 279220.3125000
   1130.9389648 279137.0937500
   1130.9395752 278964.3437500
   1130.9403076 279173.2187500
   1130.9409180 279031.5000000
   1130.9416504 278993.2187500
   1130.9423828 278951.2812500
   1130.9429932 278805.2812500
   1130.9437256 278874.5312500
   1130.9443359 278967.8125000
   1130.9450684 278832.5937500
   1130.9458008 278778.0000000
   1130.9464111 278879.4375000
   1130.9471436 278771.4375000
   1130.9477539 278734.5625000
   1130.9484863 278753.6562500
   1130.9490967 278872.4687500
   1130.9498291 278603.7187500
   1130.9505615 278635.1562500
   1130.9511719 278507.9687500
   1130.9519043 278544.3437500
   1130.9525146 278422.9375000
   1130.9532471 278457.8750000
   1130.9538574 278465.7187500
   1130.9545898 278470.6250000
   1130.9553223 278262.3437500
   1130.9559326 278407.5937500
   1130.9566650 278321.7500000
   1130.9572754 278327.0937500
   1130.9580078 278298.2187500
   1130.9587402 278013.6875000
   1130.9593506 278130.7812500
   1130.9600830 277924.0000000
   1130.9606934 277830.4375000
   1130.9614258 277838.8750000
   1130.9620361 277960.3125000
   1130.9627686 277590.2187500
   1130.9635010 277691.7500000
   1130.9641113 277582.5625000
   1130.9648438 277570.3437500
   1130.9654541 277595.8125000
   1130.9661865 277479.0312500
   1130.9667969 277133.4062500
   1130.9675293 277353.3125000
   1130.9682617 277344.3437500
   1130.9688721 277298.3125000
   1130.9696045 277300.6875000
   1130.9702148 277217.1250000
   1130.9709473 277250.8125000
   1130.9716797 277152.8437500
   1130.9722900 277167.8125000
   1130.9730225 277121.0625000
   1130.9736328 276897.3750000
   1130.9743652 277089.8437500
   1130.9749756 276914.6875000
   1130.9757080 276794.8437500
   1130.9764404 276876.8750000
   1130.9770508 276888.5625000
   1130.9777832 276843.0000000
   1130.9783936 276906.7500000
   1130.9791260 276952.4062500
   1130.9797363 276786.0312500
   1130.9804688 276767.8125000
   1130.9812012 276665.7187500
   1130.9818115 276792.9062500
   1130.9825439 276762.4687500
   1130.9831543 276664.6875000
   1130.9838867 276756.4687500
   1130.9846191 276929.7187500
   1130.9852295 277149.7812500
   1130.9859619 276869.6562500
   1130.9865723 276702.4062500
   1130.9873047 276736.0312500
   1130.9879150 276721.6875000
   1130.9886475 276629.5312500
   1130.9893799 276523.7500000
   1130.9899902 276707.7187500
   1130.9907227 276512.4062500
   1130.9913330 276322.3125000
   1130.9920654 276477.2812500
   1130.9926758 276331.4062500
   1130.9934082 276346.5625000
   1130.9941406 276441.2812500
   1130.9947510 276189.0937500
   1130.9954834 276347.6562500
   1130.9960938 276441.1250000
   1130.9968262 276123.0625000
   1130.9975586 276249.7187500
   1130.9981689 276190.8750000
   1130.9989014 276302.0625000
   1130.9995117 276180.0625000
   1131.0002441 276222.1562500
   1131.0008545 276151.8125000
   1131.0015869 276156.5625000
   1131.0023193 276046.3750000
   1131.0029297 276150.6875000
   1131.0036621 276109.9687500
   1131.0042725 276054.9375000
   1131.0050049 275951.1250000
   1131.0057373 275996.1250000
   1131.0063477 276027.0625000
   1131.0070801 276118.4687500
   1131.0076904 275863.2812500
   1131.0084229 276214.0312500
   1131.0090332 275993.8437500
   1131.0097656 275901.7500000
   1131.0104980 275965.3750000
   1131.0111084 275964.0312500
   1131.0118408 275967.7187500
   1131.0124512 275925.4687500
   1131.0131836 275770.4062500
   1131.0137939 275885.3125000
   1131.0145264 275778.2812500
   1131.0152588 275824.1562500
   1131.0158691 275773.4062500
   1131.0166016 275682.3750000
   1131.0172119 275740.1562500
   1131.0179443 275621.6562500
   1131.0186768 275694.1875000
   1131.0192871 275642.5937500
   1131.0200195 275660.6875000
   1131.0206299 275678.5312500
   1131.0213623 275763.8750000
   1131.0219727 275661.7812500
   1131.0227051 275689.5625000
   1131.0234375 275524.4062500
   1131.0240479 275581.1250000
   1131.0247803 275503.2187500
   1131.0253906 275394.0625000
   1131.0261230 275511.0312500
   1131.0267334 275455.3437500
   1131.0274658 275462.5000000
   1131.0281982 275451.9375000
   1131.0288086 275463.7812500
   1131.0295410 275279.4687500
   1131.0301514 275244.1875000
   1131.0308838 275412.1562500
   1131.0316162 275303.4687500
   1131.0322266 275208.0000000
   1131.0329590 275353.6562500
   1131.0335693 275333.2500000
   1131.0343018 275377.3437500
   1131.0349121 275310.9062500
   1131.0356445 275407.3750000
   1131.0363770 275298.3125000
   1131.0369873 275177.8750000
   1131.0377197 275257.2500000
   1131.0383301 275218.1562500
   1131.0390625 275326.3125000
   1131.0396729 275068.8125000
   1131.0404053 274955.4687500
   1131.0411377 275333.1250000
   1131.0417480 275154.5312500
   1131.0424805 275203.7500000
   1131.0430908 275171.5312500
   1131.0438232 275310.4687500
   1131.0445557 275192.7187500
   1131.0451660 275140.3750000
   1131.0458984 275120.3437500
   1131.0465088 275080.9062500
   1131.0472412 275046.9062500
   1131.0478516 275053.1250000
   1131.0485840 275159.0000000
   1131.0493164 275039.1875000
   1131.0499268 275231.3437500
   1131.0506592 275047.4062500
   1131.0512695 275287.1562500
   1131.0520020 275105.4687500
   1131.0527344 275098.5000000
   1131.0533447 275158.0000000
   1131.0540771 275223.5312500
   1131.0546875 275004.5625000
   1131.0554199 275373.1250000
   1131.0560303 275269.8437500
   1131.0567627 275164.6250000
   1131.0574951 274971.4687500
   1131.0581055 275409.4687500
   1131.0588379 275488.4687500
   1131.0594482 275389.9375000
   1131.0601807 275344.4375000
   1131.0607910 275328.7812500
   1131.0615234 275468.2187500
   1131.0622559 275523.9375000
   1131.0628662 275279.9375000
   1131.0635986 275205.2187500
   1131.0642090 275180.6250000
   1131.0649414 275221.3125000
   1131.0656738 275132.8437500
   1131.0662842 275193.0625000
   1131.0670166 275228.9687500
   1131.0676270 275137.6562500
   1131.0683594 275115.1250000
   1131.0689697 275334.4375000
   1131.0697021 275432.4062500
   1131.0704346 275802.5625000
   1131.0710449 275415.5312500
   1131.0717773 275303.9062500
   1131.0723877 275337.0000000
   1131.0731201 275262.7812500
   1131.0737305 275147.5312500
   1131.0744629 275380.2500000
   1131.0751953 275240.7812500
   1131.0758057 275115.8125000
   1131.0765381 275228.7500000
   1131.0771484 275104.5000000
   1131.0778809 275141.2187500
   1131.0786133 275348.6875000
   1131.0792236 275277.1875000
   1131.0799561 275082.8750000
   1131.0805664 275438.0625000
   1131.0812988 275320.3750000
   1131.0819092 275277.2187500
   1131.0826416 275244.3750000
   1131.0833740 275230.2187500
   1131.0839844 275283.0312500
   1131.0847168 275250.5312500
   1131.0853271 275356.0000000
   1131.0860596 275382.5625000
   1131.0866699 275367.2812500
   1131.0874023 275442.7500000
   1131.0881348 275292.3750000
   1131.0887451 275461.7187500
   1131.0894775 275392.2812500
   1131.0900879 275446.3125000
   1131.0908203 275375.3125000
   1131.0915527 275465.0000000
   1131.0921631 275439.1250000
   1131.0928955 275592.2812500
   1131.0935059 275606.3750000
   1131.0942383 275520.8125000
   1131.0948486 275577.2187500
   1131.0955811 275612.7187500
   1131.0963135 275548.3750000
   1131.0969238 275582.5000000
   1131.0976562 275571.6562500
   1131.0982666 275579.8750000
   1131.0989990 275741.9375000
   1131.0997314 275594.5312500
   1131.1003418 275569.9687500
   1131.1010742 275768.1875000
   1131.1016846 275527.8125000
   1131.1024170 275737.3750000
   1131.1030273 275872.6875000
   1131.1037598 275783.6875000
   1131.1044922 275748.7812500
   1131.1051025 275881.1875000
   1131.1058350 275732.3437500
   1131.1064453 275842.5625000
   1131.1071777 275794.1562500
   1131.1077881 275929.8125000
   1131.1085205 275869.2812500
   1131.1092529 275815.0000000
   1131.1098633 275803.0625000
   1131.1105957 275903.0937500
   1131.1112061 275988.4062500
   1131.1119385 276028.9687500
   1131.1126709 276155.8125000
   1131.1132812 275958.0000000
   1131.1140137 275842.6250000
   1131.1146240 275923.1250000
   1131.1153564 276255.5312500
   1131.1159668 276268.2500000
   1131.1166992 276120.1875000
   1131.1174316 276125.0937500
   1131.1180420 276393.8437500
   1131.1187744 276248.0312500
   1131.1193848 276283.6562500
   1131.1201172 276260.0312500
   1131.1207275 276114.3125000
   1131.1214600 276233.5312500
   1131.1221924 276463.2812500
   1131.1228027 276419.3750000
   1131.1235352 276444.0312500
   1131.1241455 276488.5937500
   1131.1248779 276612.0937500
   1131.1256104 276655.4687500
   1131.1262207 276498.5625000
   1131.1269531 276581.0000000
   1131.1275635 276410.9062500
   1131.1282959 276440.1562500
   1131.1289062 276555.4375000
   1131.1296387 276611.1562500
   1131.1303711 276625.8125000
   1131.1309814 276543.0000000
   1131.1317139 276768.6875000
   1131.1323242 276664.1250000
   1131.1330566 276713.9375000
   1131.1336670 276871.1875000
   1131.1343994 276979.1875000
   1131.1351318 276913.1250000
   1131.1357422 276895.2187500
   1131.1364746 276775.4687500
   1131.1370850 276911.0625000
   1131.1378174 276914.8750000
   1131.1385498 277056.5312500
   1131.1391602 277026.3437500
   1131.1398926 277186.3125000
   1131.1405029 277120.5937500
   1131.1412354 277111.5000000
   1131.1418457 277284.4687500
   1131.1425781 277355.4375000
   1131.1433105 277453.5312500
   1131.1439209 277421.0312500
   1131.1446533 277441.0625000
   1131.1452637 277536.1562500
   1131.1459961 277648.1875000
   1131.1466064 277692.2812500
   1131.1473389 277664.1250000
   1131.1480713 277718.7187500
   1131.1486816 277693.2500000
   1131.1494141 277565.3750000
   1131.1500244 277682.1562500
   1131.1507568 277548.9062500
   1131.1514893 277468.5625000
   1131.1520996 277713.6562500
   1131.1528320 277718.1562500
   1131.1534424 277791.6562500
   1131.1541748 277784.0000000
   1131.1547852 277811.8750000
   1131.1555176 277752.4375000
   1131.1562500 277911.5312500
   1131.1568604 277806.0000000
   1131.1575928 277852.0312500
   1131.1582031 278104.1875000
   1131.1589355 277777.7187500
   1131.1596680 278019.3750000
   1131.1602783 277947.7812500
   1131.1610107 278110.8125000
   1131.1616211 278003.1562500
   1131.1623535 278046.0000000
   1131.1629639 278021.1250000
   1131.1636963 278269.3125000
   1131.1644287 280166.5312500
   1131.1650391 278937.3125000
   1131.1657715 278843.0937500
   1131.1663818 278475.5937500
   1131.1671143 278741.0312500
   1131.1677246 278627.5312500
   1131.1684570 278523.5000000
   1131.1691895 278532.4062500
   1131.1697998 278532.3750000
   1131.1705322 278619.2187500
   1131.1711426 278784.8750000
   1131.1718750 278708.0625000
   1131.1726074 278856.9687500
   1131.1732178 278800.8125000
   1131.1739502 278931.3437500
   1131.1745605 278749.8125000
   1131.1752930 278810.5312500
   1131.1759033 278768.8125000
   1131.1766357 278856.6250000
   1131.1773682 278814.9687500
   1131.1779785 278900.5000000
   1131.1787109 278947.0625000
   1131.1793213 279198.4687500
   1131.1800537 279060.7812500
   1131.1806641 278912.3750000
   1131.1813965 279090.4687500
   1131.1821289 279061.9375000
   1131.1827393 279041.0625000
   1131.1834717 278864.8125000
   1131.1840820 279103.2812500
   1131.1848145 278901.3437500
   1131.1855469 279011.1250000
   1131.1861572 279241.4687500
   1131.1868896 279171.5625000
   1131.1875000 279173.2500000
   1131.1882324 279194.4375000
   1131.1888428 279334.5000000
   1131.1895752 279687.7500000
   1131.1903076 279588.1562500
   1131.1909180 279498.0000000
   1131.1916504 279581.5312500
   1131.1922607 279539.0625000
   1131.1929932 279427.6562500
   1131.1936035 279360.2500000
   1131.1943359 279443.5312500
   1131.1950684 279497.6250000
   1131.1956787 279406.0937500
   1131.1964111 279266.6875000
   1131.1970215 279244.9062500
   1131.1977539 279300.1250000
   1131.1984863 279249.5312500
   1131.1990967 279384.0312500
   1131.1998291 280189.5312500
   1131.2004395 279999.5937500
   1131.2011719 279801.1875000
   1131.2017822 279569.5312500
   1131.2025146 279729.0312500
   1131.2032471 279661.4687500
   1131.2038574 279535.3125000
   1131.2045898 279682.8125000
   1131.2052002 279929.0312500
   1131.2059326 279752.9062500
   1131.2066650 279842.8750000
   1131.2072754 279564.9687500
   1131.2080078 279858.6562500
   1131.2086182 279802.0625000
   1131.2093506 279830.4062500
   1131.2099609 280149.0312500
   1131.2106934 280522.9687500
   1131.2114258 280450.5000000
   1131.2120361 280255.6250000
   1131.2127686 280009.2187500
   1131.2133789 280004.3437500
   1131.2141113 280076.8750000
   1131.2147217 279980.9375000
   1131.2154541 280036.0312500
   1131.2161865 279857.9375000
   1131.2167969 279987.4687500
   1131.2175293 279993.9062500
   1131.2181396 280029.0312500
   1131.2188721 279911.3125000
   1131.2196045 279971.9375000
   1131.2202148 279922.6875000
   1131.2209473 279814.2500000
   1131.2215576 279815.5937500
   1131.2222900 279880.7812500
   1131.2229004 279898.2812500
   1131.2236328 280041.7187500
   1131.2243652 279797.7500000
   1131.2249756 279997.7187500
   1131.2257080 279856.9687500
   1131.2263184 279831.0937500
   1131.2270508 279990.2187500
   1131.2276611 279905.8125000
   1131.2283936 279790.6250000
   1131.2291260 279822.2812500
   1131.2297363 279916.0312500
   1131.2304688 279923.2812500
   1131.2310791 279659.8750000
   1131.2318115 279999.6250000
   1131.2325439 279991.5625000
   1131.2331543 280074.0312500
   1131.2338867 280848.4062500
   1131.2344971 280468.3125000
   1131.2352295 280356.9687500
   1131.2358398 280452.8437500
   1131.2365723 280465.9687500
   1131.2373047 280541.2812500
   1131.2379150 280456.8750000
   1131.2386475 280364.1250000
   1131.2392578 280212.4062500
   1131.2399902 280246.6562500
   1131.2406006 280152.6562500
   1131.2413330 280014.3750000
   1131.2420654 280060.1875000
   1131.2426758 280018.7500000
   1131.2434082 279954.9687500
   1131.2440186 280031.4375000
   1131.2447510 279810.0000000
   1131.2454834 280006.0625000
   1131.2460938 279841.2812500
   1131.2468262 280402.0625000
   1131.2474365 280077.3125000
   1131.2481689 280075.6250000
   1131.2487793 280100.7812500
   1131.2495117 280046.8125000
   1131.2502441 280111.3750000
   1131.2508545 281141.0312500
   1131.2515869 280840.7500000
   1131.2521973 280430.9062500
   1131.2529297 280176.5000000
   1131.2536621 280179.9687500
   1131.2542725 280186.2187500
   1131.2550049 280023.7187500
   1131.2556152 280037.6250000
   1131.2563477 280083.9375000
   1131.2569580 279868.8750000
   1131.2576904 279659.8125000
   1131.2584229 279826.3125000
   1131.2590332 280058.9687500
   1131.2597656 279930.8750000
   1131.2603760 280105.1875000
   1131.2611084 279913.8437500
   1131.2617188 279819.2812500
   1131.2624512 279812.3125000
   1131.2631836 279735.4062500
   1131.2637939 279903.1250000
   1131.2645264 279687.3125000
   1131.2651367 279826.6562500
   1131.2658691 279581.7500000
   1131.2666016 279765.7187500
   1131.2672119 279601.1875000
   1131.2679443 279544.3437500
   1131.2685547 279592.6875000
   1131.2692871 279586.5625000
   1131.2698975 279601.5937500
   1131.2706299 279435.8437500
   1131.2713623 279390.4687500
   1131.2719727 279460.1875000
   1131.2727051 279506.3125000
   1131.2733154 279716.5937500
   1131.2740479 279636.0000000
   1131.2746582 279506.0312500
   1131.2753906 279389.2187500
   1131.2761230 279367.4687500
   1131.2767334 279338.1562500
   1131.2774658 279107.5937500
   1131.2780762 279264.1875000
   1131.2788086 279033.4062500
   1131.2795410 279208.6562500
   1131.2801514 279187.5312500
   1131.2808838 278996.4062500
   1131.2814941 279135.9687500
   1131.2822266 278768.0312500
   1131.2828369 279073.2187500
   1131.2835693 279178.6562500
   1131.2843018 278949.7812500
   1131.2849121 278845.5000000
   1131.2856445 278802.0937500
   1131.2862549 278772.3125000
   1131.2869873 278807.3750000
   1131.2875977 278739.3125000
   1131.2883301 278724.5625000
   1131.2890625 278712.4687500
   1131.2896729 278528.8750000
   1131.2904053 278446.0937500
   1131.2910156 278630.4062500
   1131.2917480 278486.0625000
   1131.2924805 278691.5000000
   1131.2930908 278511.4375000
   1131.2938232 278406.5625000
   1131.2944336 278497.4687500
   1131.2951660 278481.8437500
   1131.2957764 278530.4062500
   1131.2965088 278409.7187500
   1131.2972412 278147.5000000
   1131.2978516 278288.0312500
   1131.2985840 278291.0312500
   1131.2991943 278346.0937500
   1131.2999268 278145.8125000
   1131.3005371 278272.1562500
   1131.3012695 278236.5937500
   1131.3020020 278194.8750000
   1131.3026123 278054.9375000
   1131.3033447 278088.1250000
   1131.3039551 277892.4375000
   1131.3046875 277922.3750000
   1131.3054199 278005.6250000
   1131.3060303 277721.0937500
   1131.3067627 277560.0312500
   1131.3073730 277715.3750000
   1131.3081055 277796.9375000
   1131.3087158 277644.3125000
   1131.3094482 277597.4375000
   1131.3101807 277502.2187500
   1131.3107910 277559.6250000
   1131.3115234 277615.0000000
   1131.3121338 277624.6250000
   1131.3128662 277441.3750000
   1131.3135986 277403.3750000
   1131.3142090 277296.7187500
   1131.3149414 277337.4062500
   1131.3155518 277425.9687500
   1131.3162842 277425.3750000
   1131.3168945 277167.1250000
   1131.3176270 277331.2500000
   1131.3183594 277298.4062500
   1131.3189697 277226.3750000
   1131.3197021 277367.5312500
   1131.3203125 277208.1562500
   1131.3210449 277183.9062500
   1131.3216553 277194.1875000
   1131.3223877 276981.3750000
   1131.3231201 277168.1250000
   1131.3237305 277343.5937500
   1131.3244629 277325.0312500
   1131.3250732 277294.0625000
   1131.3258057 276995.0000000
   1131.3265381 277010.1250000
   1131.3271484 276901.8437500
   1131.3278809 276848.3125000
   1131.3284912 277047.2187500
   1131.3292236 276973.8125000
   1131.3298340 276513.5312500
   1131.3305664 276853.9375000
   1131.3312988 276788.8437500
   1131.3319092 276749.5937500
   1131.3326416 276738.7187500
   1131.3332520 276660.9687500
   1131.3339844 276757.1875000
   1131.3345947 276521.3750000
   1131.3353271 276530.9062500
   1131.3360596 276524.1250000
   1131.3366699 276358.0000000
   1131.3374023 276375.2812500
   1131.3380127 276475.0625000
   1131.3387451 276490.5312500
   1131.3394775 276888.8125000
   1131.3400879 276474.5312500
   1131.3408203 276440.1562500
   1131.3414307 276471.6562500
   1131.3421631 276465.0000000
   1131.3427734 276417.2500000
   1131.3435059 276288.4062500
   1131.3442383 276393.0937500
   1131.3448486 276400.8750000
   1131.3455811 276216.9375000
   1131.3461914 276196.1562500
   1131.3469238 276210.6250000
   1131.3475342 276283.5625000
   1131.3482666 276185.4062500
   1131.3489990 276048.7500000
   1131.3496094 275998.2500000
   1131.3503418 275898.5625000
   1131.3509521 275946.3750000
   1131.3516846 275907.2500000
   1131.3524170 275951.7500000
   1131.3530273 275794.7187500
   1131.3537598 275827.5312500
   1131.3543701 275939.1875000
   1131.3551025 275812.0625000
   1131.3557129 275963.1875000
   1131.3564453 275935.6250000
   1131.3571777 275760.1562500
   1131.3577881 275646.1875000
   1131.3585205 275923.2500000
   1131.3591309 275746.0312500
   1131.3598633 275696.9687500
   1131.3605957 275689.0625000
   1131.3612061 275680.7812500
   1131.3619385 275747.6875000
   1131.3625488 275429.2500000
   1131.3632812 275604.4375000
   1131.3638916 275615.8750000
   1131.3646240 275465.0312500
   1131.3653564 275582.1250000
   1131.3659668 275564.0937500
   1131.3666992 275417.1250000
   1131.3673096 275518.1562500
   1131.3680420 275477.7500000
   1131.3686523 275220.9062500
   1131.3693848 275523.4062500
   1131.3701172 275316.1562500
   1131.3707275 275605.3750000
   1131.3714600 275207.2812500
   1131.3720703 275327.5937500
   1131.3728027 275337.3125000
   1131.3735352 275405.6875000
   1131.3741455 275325.5312500
   1131.3748779 275388.8750000
   1131.3754883 275400.1250000
   1131.3762207 275295.9375000
   1131.3768311 275375.0000000
   1131.3775635 275197.9375000
   1131.3782959 275314.5937500
   1131.3789062 275192.9375000
   1131.3796387 275303.0625000
   1131.3802490 275281.2500000
   1131.3809814 275048.2187500
   1131.3815918 275218.1250000
   1131.3823242 275103.5312500
   1131.3830566 275228.0000000
   1131.3836670 275282.4375000
   1131.3843994 275331.2500000
   1131.3850098 275196.4375000
   1131.3857422 275123.4687500
   1131.3864746 275114.5937500
   1131.3870850 275135.8750000
   1131.3878174 275154.1250000
   1131.3884277 275176.5937500
   1131.3891602 274955.1250000
   1131.3897705 275167.5625000
   1131.3905029 275265.4062500
   1131.3912354 275238.6562500
   1131.3918457 275240.6250000
   1131.3925781 275120.4375000
   1131.3931885 275128.9687500
   1131.3939209 275068.9687500
   1131.3945312 275083.5625000
   1131.3952637 275121.5000000
   1131.3959961 275085.2187500
   1131.3966064 275138.4062500
   1131.3973389 275188.2500000
   1131.3979492 275141.7187500
   1131.3986816 274868.6875000
   1131.3994141 275345.3125000
   1131.4000244 275034.4375000
   1131.4007568 275001.8125000
   1131.4013672 275072.4375000
   1131.4020996 275091.5000000
   1131.4027100 275219.5625000
   1131.4034424 275332.2812500
   1131.4041748 275328.5000000
   1131.4047852 275122.3437500
   1131.4055176 275248.3750000
   1131.4061279 275147.7500000
   1131.4068604 275228.4687500
   1131.4075928 274948.5625000
   1131.4082031 274932.8437500
   1131.4089355 275280.0312500
   1131.4095459 275429.4687500
   1131.4102783 274889.7187500
   1131.4108887 275139.6562500
   1131.4116211 275015.5312500
   1131.4123535 274914.8437500
   1131.4129639 275135.9062500
   1131.4136963 275280.1875000
   1131.4143066 275184.6250000
   1131.4150391 275278.3437500
   1131.4156494 275337.8125000
   1131.4163818 275416.3125000
   1131.4171143 275413.6250000
   1131.4177246 275430.0625000
   1131.4184570 275393.5625000
   1131.4190674 275361.9687500
   1131.4197998 275311.2500000
   1131.4205322 275328.2187500
   1131.4211426 275527.0312500
   1131.4218750 275547.3437500
   1131.4232178 275938.7812500
   1131.4238281 275699.0000000
   1131.4245605 275654.9062500
   1131.4252930 275563.7187500
   1131.4259033 275473.3437500
   1131.4266357 275547.7812500
   1131.4272461 275730.6250000
   1131.4279785 275687.8437500
   1131.4285889 275851.8750000
   1131.4293213 276454.5312500
   1131.4300537 276585.9375000
   1131.4306641 276564.4062500
   1131.4313965 276535.0000000
   1131.4320068 276516.4375000
   1131.4327393 276754.6250000
   1131.4334717 276570.9375000
   1131.4340820 276476.2187500
   1131.4348145 276640.2500000
   1131.4354248 277276.5937500
   1131.4361572 277067.4062500
   1131.4367676 277158.4375000
   1131.4375000 278441.1875000
   1131.4382324 279850.5000000
   1131.4388428 280046.4062500
   1131.4395752 306502.5625000
   1131.4409180 325068.3125000
   1131.4415283 322940.0625000
   1131.4422607 317447.8750000
   1131.4429932 313279.1250000
   1131.4436035 308902.7187500
   1131.4443359 306461.0625000
   1131.4449463 302190.2187500
   1131.4456787 297738.4375000
   1131.4464111 293818.0625000
   1131.4470215 290489.9375000
   1131.4477539 288646.7500000
   1131.4483643 287836.7187500
   1131.4490967 288051.7500000
   1131.4497070 285842.1875000
   1131.4504395 284649.9687500
   1131.4511719 283537.5937500
   1131.4517822 282665.0000000
   1131.4525146 281954.9687500
   1131.4531250 281366.2187500
   1131.4538574 280843.1250000
   1131.4545898 280366.1250000
   1131.4552002 279941.6250000
   1131.4559326 279696.6562500
   1131.4565430 279535.2187500
   1131.4572754 279397.1562500
   1131.4578857 279050.2500000
   1131.4586182 278730.3437500
   1131.4593506 278677.7812500
   1131.4599609 278411.3125000
   1131.4606934 278265.9687500
   1131.4613037 278408.6562500
   1131.4620361 278120.2500000
   1131.4626465 277921.6875000
   1131.4633789 277806.0312500
   1131.4641113 277695.1250000
   1131.4647217 277729.9375000
   1131.4654541 277735.8125000
   1131.4660645 277696.7812500
   1131.4667969 277625.9062500
   1131.4675293 277532.2187500
   1131.4681396 277523.1875000
   1131.4688721 277458.9375000
   1131.4694824 277395.0312500
   1131.4702148 277505.2187500
   1131.4708252 277433.9687500
   1131.4715576 277348.2187500
   1131.4722900 277434.4062500
   1131.4729004 277426.7812500
   1131.4736328 277261.5937500
   1131.4742432 277150.9375000
   1131.4749756 277157.7187500
   1131.4755859 277173.5312500
   1131.4763184 277283.2187500
   1131.4770508 277128.2187500
   1131.4776611 277148.1875000
   1131.4783936 277160.0000000
   1131.4790039 277188.4687500
   1131.4797363 277186.9062500
   1131.4804688 277146.1562500
   1131.4810791 277180.9062500
   1131.4818115 277079.3437500
   1131.4824219 277005.1875000
   1131.4831543 276925.1250000
   1131.4837646 277056.8125000
   1131.4844971 277187.9687500
   1131.4852295 277146.8437500
   1131.4858398 277110.4687500
   1131.4865723 277216.5937500
   1131.4871826 277008.2812500
   1131.4879150 276992.7812500
   1131.4885254 276933.0937500
   1131.4892578 277005.9062500
   1131.4899902 277246.1875000
   1131.4906006 277056.4375000
   1131.4913330 277203.8437500
   1131.4919434 276970.6875000
   1131.4926758 277184.8125000
   1131.4934082 277065.2500000
   1131.4940186 277202.0312500
   1131.4947510 277028.7187500
   1131.4953613 277416.1562500
   1131.4960938 277384.3750000
   1131.4967041 277524.3437500
   1131.4974365 277389.7812500
   1131.4981689 277497.0937500
   1131.4987793 277611.0312500
   1131.4995117 277572.7812500
   1131.5001221 277538.0312500
   1131.5008545 277455.3125000
   1131.5014648 277546.5000000
   1131.5021973 277395.9375000
   1131.5029297 277452.6562500
   1131.5035400 277301.4687500
   1131.5042725 277473.5312500
   1131.5048828 277245.1562500
   1131.5056152 277276.4687500
   1131.5063477 277348.0312500
   1131.5069580 278196.0312500
   1131.5076904 277778.5000000
   1131.5083008 277833.2500000
   1131.5090332 277618.5312500
   1131.5096436 277744.9062500
   1131.5103760 277674.1250000
   1131.5111084 277642.1875000
   1131.5117188 277547.4687500
   1131.5124512 277518.7500000
   1131.5130615 277560.0937500
   1131.5137939 277635.8437500
   1131.5145264 277555.8125000
   1131.5151367 277586.2812500
   1131.5158691 277498.0000000
   1131.5164795 277275.9062500
   1131.5172119 277339.9687500
   1131.5178223 277380.4687500
   1131.5185547 277254.9062500
   1131.5192871 277531.8125000
   1131.5198975 277488.2812500
   1131.5206299 277557.0625000
   1131.5212402 277587.1250000
   1131.5219727 277448.7812500
   1131.5225830 277384.5312500
   1131.5233154 277452.5000000
   1131.5240479 277480.5000000
   1131.5246582 277304.6562500
   1131.5253906 277419.2187500
   1131.5260010 277283.2812500
   1131.5267334 277363.9375000
   1131.5274658 277504.7812500
   1131.5280762 277581.7812500
   1131.5288086 277332.0625000
   1131.5294189 277590.9062500
   1131.5301514 277763.0312500
   1131.5307617 277650.5937500
   1131.5314941 277569.6562500
   1131.5322266 277582.9375000
   1131.5328369 277518.1250000
   1131.5335693 277538.2812500
   1131.5341797 277403.5312500
   1131.5349121 277261.5000000
   1131.5355225 277496.0625000
   1131.5362549 277459.2187500
   1131.5369873 277617.9375000
   1131.5375977 282496.0000000
   1131.5383301 282513.2500000
   1131.5389404 280510.7500000
   1131.5396729 279263.4375000
   1131.5404053 278408.5937500
   1131.5410156 278261.1562500
   1131.5417480 278037.8750000
   1131.5423584 277797.8750000
   1131.5430908 278592.6875000
   1131.5437012 277732.0000000
   1131.5444336 277795.0625000
   1131.5451660 277677.9062500
   1131.5457764 277525.2812500
   1131.5465088 277653.0625000
   1131.5471191 277434.1250000
   1131.5478516 277301.2187500
   1131.5484619 277471.4375000
   1131.5491943 277387.4375000
   1131.5499268 277304.0625000
   1131.5505371 277382.5937500
   1131.5512695 277158.2812500
   1131.5518799 277124.6562500
   1131.5526123 277235.3750000
   1131.5533447 277307.4062500
   1131.5539551 277129.6250000
   1131.5546875 277021.0000000
   1131.5552979 277011.4375000
   1131.5560303 277096.7187500
   1131.5566406 277147.8125000
   1131.5573730 277215.0625000
   1131.5581055 277058.1562500
   1131.5587158 277346.6562500
   1131.5594482 277237.1250000
   1131.5600586 277868.7812500
   1131.5607910 277668.4375000
   1131.5615234 277459.4687500
   1131.5621338 277492.9375000
   1131.5628662 277329.8437500
   1131.5634766 278518.8125000
   1131.5642090 277516.5625000
   1131.5648193 277603.7187500
   1131.5655518 277586.3437500
   1131.5662842 277674.1250000
   1131.5668945 277616.1250000
   1131.5676270 277724.6562500
   1131.5682373 277629.4375000
   1131.5689697 277765.5312500
   1131.5695801 277618.7500000
   1131.5703125 277488.1562500
   1131.5710449 277500.2500000
   1131.5716553 277533.6562500
   1131.5723877 277602.8437500
   1131.5729980 277364.2812500
   1131.5737305 277282.6562500
   1131.5744629 277394.0625000
   1131.5750732 277345.5000000
   1131.5758057 277233.0937500
   1131.5764160 277282.7812500
   1131.5771484 276952.8437500
   1131.5777588 276787.5000000
   1131.5784912 276977.2500000
   1131.5792236 276905.9062500
   1131.5798340 276913.8750000
   1131.5805664 276825.2812500
   1131.5811768 276450.6875000
   1131.5819092 276610.7187500
   1131.5825195 276752.7812500
   1131.5832520 276640.5312500
   1131.5839844 276571.5000000
   1131.5845947 276680.5937500
   1131.5853271 276514.1562500
   1131.5859375 276901.0937500
   1131.5866699 276407.1250000
   1131.5874023 276431.9687500
   1131.5880127 276601.4687500
   1131.5887451 276356.1250000
   1131.5893555 276511.0937500
   1131.5900879 276422.0937500
   1131.5906982 276470.0937500
   1131.5914307 276384.3750000
   1131.5921631 276353.8750000
   1131.5927734 276294.3125000
   1131.5935059 276112.6250000
   1131.5941162 276425.8125000
   1131.5948486 276383.6875000
   1131.5954590 276403.3125000
   1131.5961914 276468.4062500
   1131.5969238 276123.2812500
   1131.5975342 276448.5937500
   1131.5982666 276247.6562500
   1131.5988770 276133.9687500
   1131.5996094 276281.1562500
   1131.6003418 276254.0937500
   1131.6009521 276140.5937500
   1131.6016846 276153.7187500
   1131.6022949 276181.7812500
   1131.6030273 276085.5000000
   1131.6036377 276238.9375000
   1131.6043701 276133.6875000
   1131.6051025 276099.1250000
   1131.6057129 276090.9375000
   1131.6064453 276039.2500000
   1131.6070557 275971.8750000
   1131.6077881 275943.0625000
   1131.6085205 275937.1562500
   1131.6091309 275991.6250000
   1131.6098633 275919.5312500
   1131.6104736 275885.3750000
   1131.6112061 275984.7812500
   1131.6118164 275796.5312500
   1131.6125488 276030.5625000
   1131.6132812 275978.2500000
   1131.6138916 275924.0312500
   1131.6146240 275903.6250000
   1131.6152344 275777.1250000
   1131.6159668 275768.1875000
   1131.6165771 275782.8125000
   1131.6173096 275686.8437500
   1131.6180420 275808.5625000
   1131.6186523 275915.2500000
   1131.6193848 275814.2812500
   1131.6199951 275783.0937500
   1131.6207275 275761.8125000
   1131.6214600 275816.5312500
   1131.6220703 275666.4062500
   1131.6228027 275652.8125000
   1131.6241455 275795.5000000
   1131.6247559 275646.0937500
   1131.6254883 275870.0937500
   1131.6262207 275629.5000000
   1131.6268311 275562.4062500
   1131.6275635 275673.5000000
   1131.6281738 275715.6562500
   1131.6289062 275767.0625000
   1131.6295166 275580.1875000
   1131.6302490 275662.6875000
   1131.6309814 275609.2812500
   1131.6315918 275436.9375000
   1131.6323242 275601.1250000
   1131.6329346 275587.5312500
   1131.6336670 275517.6562500
   1131.6343994 275487.7500000
   1131.6350098 275543.6875000
   1131.6357422 275674.8437500
   1131.6363525 275477.8437500
   1131.6370850 275491.6562500
   1131.6376953 275724.8750000
   1131.6384277 275555.9375000
   1131.6391602 275457.0937500
   1131.6397705 275489.9062500
   1131.6405029 275508.1250000
   1131.6411133 275709.3437500
   1131.6418457 275674.7500000
   1131.6424561 275685.2812500
   1131.6431885 275481.4375000
   1131.6439209 275557.4687500
   1131.6445312 275447.6250000
   1131.6452637 275523.7812500
   1131.6458740 275293.9375000
   1131.6466064 275515.6875000
   1131.6473389 275329.3437500
   1131.6479492 275399.3125000
   1131.6486816 275416.3125000
   1131.6492920 275342.3750000
   1131.6500244 275314.4062500
   1131.6506348 275356.1250000
   1131.6513672 275325.0937500
   1131.6520996 275433.0625000
   1131.6527100 275415.3750000
   1131.6534424 275360.5625000
   1131.6540527 275334.8125000
   1131.6547852 275493.6875000
   1131.6553955 275250.6562500
   1131.6561279 275413.5312500
   1131.6568604 275354.4062500
   1131.6574707 275266.0937500
   1131.6582031 275392.4687500
   1131.6588135 275429.8437500
   1131.6595459 275280.9375000
   1131.6602783 275370.9687500
   1131.6608887 275306.5312500
   1131.6616211 275401.0937500
   1131.6622314 275310.5312500
   1131.6629639 275428.5937500
   1131.6635742 275540.1250000
   1131.6643066 275426.8437500
   1131.6650391 275395.5312500
   1131.6656494 275395.1562500
   1131.6663818 275659.3125000
   1131.6669922 275765.9062500
   1131.6677246 275814.1875000
   1131.6684570 275767.2187500
   1131.6690674 275844.2187500
   1131.6697998 275656.3125000
   1131.6704102 276311.6250000
   1131.6711426 276986.5625000
   1131.6717529 276731.6250000
   1131.6724854 276252.5937500
   1131.6732178 276132.5937500
   1131.6738281 275973.3750000
   1131.6745605 275889.9062500
   1131.6751709 275726.1875000
   1131.6759033 275992.0000000
   1131.6765137 275933.4375000
   1131.6772461 275992.9375000
   1131.6779785 276009.8437500
   1131.6785889 275805.1250000
   1131.6793213 275799.7812500
   1131.6799316 275804.2187500
   1131.6806641 276085.1250000
   1131.6813965 275785.6250000
   1131.6820068 275858.5937500
   1131.6827393 275881.5625000
   1131.6833496 275815.9062500
   1131.6840820 275654.7187500
   1131.6846924 275644.1562500
   1131.6854248 275758.3125000
   1131.6861572 275872.3125000
   1131.6867676 275925.9375000
   1131.6875000 279814.6250000
   1131.6881104 277375.8125000
   1131.6888428 276892.8750000
   1131.6894531 276778.2500000
   1131.6901855 278795.5000000
   1131.6909180 279590.5312500
   1131.6915283 277915.0937500
   1131.6922607 277389.5625000
   1131.6928711 277226.0625000
   1131.6936035 277008.3750000
   1131.6943359 276899.1562500
   1131.6949463 276958.3437500
   1131.6956787 276882.3125000
   1131.6962891 276902.7812500
   1131.6970215 276823.6562500
   1131.6976318 277167.7187500
   1131.6983643 276809.0937500
   1131.6997070 276768.5625000
   1131.7004395 276943.4062500
   1131.7010498 277063.5312500
   1131.7017822 276758.9062500
   1131.7023926 276807.8750000
   1131.7031250 276892.8125000
   1131.7038574 276644.9062500
   1131.7044678 276873.5312500
   1131.7052002 276794.8750000
   1131.7058105 276851.0625000
   1131.7065430 276732.3125000
   1131.7072754 276760.4375000
   1131.7078857 276732.5625000
   1131.7086182 276809.9375000
   1131.7092285 276611.0937500
   1131.7099609 276747.3125000
   1131.7105713 276942.8437500
   1131.7113037 276803.8125000
   1131.7120361 276905.4062500
   1131.7126465 276877.7812500
   1131.7133789 276868.2500000
   1131.7139893 276969.1562500
   1131.7147217 276858.2500000
   1131.7154541 276932.4375000
   1131.7160645 276944.7812500
   1131.7167969 276988.0000000
   1131.7174072 277324.5000000
   1131.7181396 277185.5937500
   1131.7187500 276910.5312500
   1131.7194824 276867.6562500
   1131.7202148 277088.0625000
   1131.7208252 277276.5937500
   1131.7215576 277166.9062500
   1131.7221680 277148.2187500
   1131.7229004 277137.6875000
   1131.7235107 277142.6562500
   1131.7242432 277082.2812500
   1131.7249756 277148.8125000
   1131.7255859 277173.5000000
   1131.7263184 277169.6562500
   1131.7269287 277152.4062500
   1131.7276611 277239.1250000
   1131.7283936 277077.9375000
   1131.7290039 277353.5312500
   1131.7297363 277170.7812500
   1131.7303467 277121.6562500
   1131.7310791 277221.3750000
   1131.7316895 277200.1562500
   1131.7324219 277462.3125000
   1131.7331543 277306.1562500
   1131.7337646 277424.7187500
   1131.7344971 277580.8750000
   1131.7351074 277843.4375000
   1131.7358398 277567.0312500
   1131.7364502 277725.2187500
   1131.7371826 277627.9375000
   1131.7379150 277707.9062500
   1131.7385254 277725.4062500
   1131.7392578 277717.3750000
   1131.7398682 277864.2812500
   1131.7413330 277748.0312500
   1131.7419434 277828.8437500
   1131.7426758 277796.0937500
   1131.7432861 277792.2187500
   1131.7440186 277813.5000000
   1131.7446289 277678.4687500
   1131.7453613 277841.2500000
   1131.7460938 277841.5937500
   1131.7467041 277797.1250000
   1131.7474365 278002.6875000
   1131.7480469 277830.1562500
   1131.7487793 278510.7187500
   1131.7493896 278243.5625000
   1131.7501221 278116.5937500
   1131.7508545 278502.0625000
   1131.7514648 278179.8437500
   1131.7521973 278179.1562500
   1131.7528076 278333.0937500
   1131.7535400 278407.8125000
   1131.7542725 278159.9687500
   1131.7548828 278355.4062500
   1131.7556152 278112.8750000
   1131.7562256 278129.1562500
   1131.7569580 278204.8437500
   1131.7575684 278267.9062500
   1131.7583008 278357.2187500
   1131.7590332 277940.4375000
   1131.7596436 278327.0312500
   1131.7603760 278254.0312500
   1131.7609863 278359.8750000
   1131.7617188 278283.0000000
   1131.7624512 278201.9375000
   1131.7630615 278338.8750000
   1131.7637939 278318.5625000
   1131.7644043 278203.5625000
   1131.7651367 278329.4375000
   1131.7657471 278478.5937500
   1131.7664795 278513.4375000
   1131.7672119 278484.1562500
   1131.7678223 278430.8437500
   1131.7685547 278465.1875000
   1131.7691650 278408.6250000
   1131.7698975 278125.0000000
   1131.7705078 278517.9375000
   1131.7712402 278754.0000000
   1131.7719727 278586.5625000
   1131.7725830 278656.2500000
   1131.7733154 278630.5625000
   1131.7739258 278800.0000000
   1131.7746582 278556.8437500
   1131.7753906 278692.6562500
   1131.7760010 278659.0312500
   1131.7767334 278675.6875000
   1131.7773438 278736.8125000
   1131.7780762 278659.2812500
   1131.7786865 278729.1250000
   1131.7794189 279042.2187500
   1131.7801514 278737.9687500
   1131.7807617 278862.5000000
   1131.7814941 278879.0000000
   1131.7821045 278930.3125000
   1131.7828369 278909.6562500
   1131.7834473 278885.7500000
   1131.7841797 278946.3125000
   1131.7849121 278986.2187500
   1131.7855225 278999.0625000
   1131.7862549 279019.2187500
   1131.7868652 279042.2500000
   1131.7875977 279090.5937500
   1131.7883301 279137.7812500
   1131.7889404 279037.2500000
   1131.7896729 279234.7187500
   1131.7902832 279169.2812500
   1131.7910156 279123.2500000
   1131.7916260 279165.5625000
   1131.7923584 279255.9062500
   1131.7930908 279095.4375000
   1131.7937012 279209.0625000
   1131.7944336 279318.3437500
   1131.7950439 279241.4687500
   1131.7957764 279310.1875000
   1131.7963867 279232.8125000
   1131.7971191 279218.2812500
   1131.7978516 279213.1875000
   1131.7984619 279301.0312500
   1131.7991943 279397.7500000
   1131.7998047 279404.2500000
   1131.8005371 279215.2812500
   1131.8012695 279357.2812500
   1131.8018799 279331.8750000
   1131.8026123 279369.7187500
   1131.8032227 279281.4375000
   1131.8039551 279370.3437500
   1131.8045654 279241.5625000
   1131.8052979 279275.2500000
   1131.8060303 279119.3125000
   1131.8066406 279244.1250000
   1131.8073730 279493.3750000
   1131.8079834 279588.6875000
   1131.8087158 279438.1250000
   1131.8093262 279369.3750000
   1131.8100586 279447.9375000
   1131.8107910 279406.6250000
   1131.8114014 279346.2812500
   1131.8121338 279471.8437500
   1131.8127441 279369.4062500
   1131.8134766 279531.1250000
   1131.8142090 279372.4687500
   1131.8148193 279541.5000000
   1131.8155518 279447.1250000
   1131.8161621 279451.4062500
   1131.8168945 279550.8437500
   1131.8175049 279492.0312500
   1131.8182373 279560.9375000
   1131.8189697 279322.2187500
   1131.8195801 279371.1250000
   1131.8203125 279447.7187500
   1131.8209229 279414.6562500
   1131.8216553 279457.0937500
   1131.8223877 279306.8437500
   1131.8229980 279468.6250000
   1131.8237305 279516.2500000
   1131.8243408 279417.0000000
   1131.8250732 279402.2500000
   1131.8256836 279554.8125000
   1131.8264160 279425.8437500
   1131.8271484 279528.8125000
   1131.8277588 279462.8750000
   1131.8284912 279420.6250000
   1131.8291016 279441.9062500
   1131.8298340 279569.4062500
   1131.8304443 279448.6875000
   1131.8311768 279393.5937500
   1131.8319092 279474.7187500
   1131.8325195 279572.9375000
   1131.8332520 279514.2500000
   1131.8338623 279628.9062500
   1131.8353271 279435.1875000
   1131.8359375 279521.0312500
   1131.8366699 279521.0312500
   1131.8372803 280632.7500000
   1131.8386230 286175.5312500
   1131.8393555 284343.8125000
   1131.8400879 283088.9687500
   1131.8406982 282510.4062500
   1131.8414307 282418.2500000
   1131.8420410 281635.0000000
   1131.8427734 281290.4375000
   1131.8433838 280969.4375000
   1131.8441162 280769.7500000
   1131.8448486 280691.9062500
   1131.8454590 280522.2812500
   1131.8461914 280510.5625000
   1131.8468018 280504.0937500
   1131.8475342 280322.4062500
   1131.8482666 280244.8125000
   1131.8488770 280024.3125000
   1131.8496094 280111.5000000
   1131.8502197 280037.2812500
   1131.8509521 280205.5000000
   1131.8515625 280097.5625000
   1131.8522949 279974.4375000
   1131.8530273 279991.9375000
   1131.8536377 279931.6562500
   1131.8543701 279924.7812500
   1131.8549805 279708.7812500
   1131.8557129 279837.1562500
   1131.8563232 279839.4062500
   1131.8570557 279545.6875000
   1131.8577881 279420.1875000
   1131.8583984 279650.9375000
   1131.8591309 280137.5000000
   1131.8597412 279824.4375000
   1131.8604736 279763.5937500
   1131.8612061 280143.0625000
   1131.8618164 280350.6250000
   1131.8625488 280041.7500000
   1131.8631592 279946.5312500
   1131.8638916 279901.3125000
   1131.8645020 279715.9687500
   1131.8652344 279700.3437500
   1131.8659668 279680.8750000
   1131.8665771 279596.6250000
   1131.8673096 279576.9062500
   1131.8679199 279912.7500000
   1131.8686523 279693.1875000
   1131.8693848 279587.5312500
   1131.8699951 279259.3125000
   1131.8707275 279405.0625000
   1131.8713379 279518.3125000
   1131.8720703 279365.1875000
   1131.8726807 279138.9062500
   1131.8734131 279225.0937500
   1131.8741455 279251.0625000
   1131.8747559 279142.6250000
   1131.8754883 279131.6250000
   1131.8760986 279083.9375000
   1131.8768311 278967.6562500
   1131.8774414 278949.4687500
   1131.8781738 279360.8750000
   1131.8789062 279206.2500000
   1131.8795166 278845.8125000
   1131.8802490 278782.1562500
   1131.8808594 278962.8437500
   1131.8815918 278924.5000000
   1131.8823242 278810.6562500
   1131.8829346 278922.9375000
   1131.8836670 278784.1250000
   1131.8842773 278796.1250000
   1131.8850098 278680.2812500
   1131.8856201 279528.4062500
   1131.8870850 280257.0000000
   1131.8876953 279271.0312500
   1131.8884277 279011.2187500
   1131.8890381 278940.5625000
   1131.8897705 278568.3437500
   1131.8903809 278674.8750000
   1131.8911133 278502.3750000
   1131.8918457 278587.1875000
   1131.8924561 278493.4062500
   1131.9027100 277901.8437500
   1131.9033203 277768.9062500
   1131.9040527 277631.2500000
   1131.9047852 277672.8437500
   1131.9053955 277514.5312500
   1131.9061279 277749.8125000
   1131.9067383 277313.6250000
   1131.9074707 277472.3437500
   1131.9082031 277257.5000000
   1131.9088135 277449.8437500
   1131.9095459 277244.6875000
   1131.9101562 277471.5000000
   1131.9108887 277317.2187500
   1131.9114990 277186.8437500
   1131.9122314 277258.2187500
   1131.9129639 277289.4062500
   1131.9135742 277217.1562500
   1131.9143066 277234.4687500
   1131.9149170 277165.3437500
   1131.9156494 276981.3750000
   1131.9163818 277001.4375000
   1131.9169922 277043.3750000
   1131.9177246 276872.6250000
   1131.9183350 276837.1875000
   1131.9190674 277058.7187500
   1131.9196777 276781.6562500
   1131.9204102 276779.2500000
   1131.9211426 276845.6875000
   1131.9217529 276772.5937500
   1131.9224854 276649.0312500
   1131.9230957 276666.3125000
   1131.9238281 276535.5937500
   1131.9244385 276572.2812500
   1131.9251709 276491.3750000
   1131.9259033 276536.2500000
   1131.9265137 276367.8750000
   1131.9272461 276398.0937500
   1131.9278564 276217.6875000
   1131.9285889 276433.6875000
   1131.9293213 276380.5625000
   1131.9299316 276349.5000000
   1131.9306641 276286.8437500
   1131.9312744 276279.4375000
   1131.9320068 276236.8750000
   1131.9326172 276253.7187500
   1131.9333496 276185.6250000
   1131.9340820 276202.4062500
   1131.9346924 276227.3125000
   1131.9354248 276047.2187500
   1131.9360352 276172.4062500
   1131.9367676 275995.2812500
   1131.9373779 276088.5937500
   1131.9381104 276028.4687500
   1131.9388428 276066.5000000
   1131.9394531 275947.6250000
   1131.9401855 276059.4375000
   1131.9407959 275976.6875000
   1131.9415283 275826.0625000
   1131.9422607 275967.2500000
   1131.9428711 275830.7500000
   1131.9436035 275892.9687500
   1131.9442139 275965.5625000
   1131.9449463 275787.9375000
   1131.9455566 275917.1250000
   1131.9462891 275862.6562500
   1131.9470215 275676.6562500
   1131.9476318 275699.5312500
   1131.9483643 275808.5625000
   1131.9489746 275749.1250000
   1131.9497070 275698.6250000
   1131.9503174 275609.6250000
   1131.9510498 275711.2812500
   1131.9517822 275525.5000000
   1131.9523926 275662.9375000
   1131.9531250 275515.8750000
   1131.9537354 275509.7812500
   1131.9544678 275529.9375000
   1131.9552002 275617.0312500
   1131.9558105 275627.3437500
   1131.9565430 276004.3125000
   1131.9571533 275700.2500000
   1131.9578857 275683.9375000
   1131.9584961 275444.0312500
   1131.9592285 275484.5312500
   1131.9599609 275393.6875000
   1131.9605713 275460.8125000
   1131.9619141 275334.9375000
   1131.9626465 275441.8125000
   1131.9633789 275391.7187500
   1131.9639893 275363.9687500
   1131.9647217 275395.7812500
   1131.9653320 275411.5937500
   1131.9660645 275355.5000000
   1131.9666748 275478.5000000
   1131.9674072 275264.0312500
   1131.9681396 275272.5000000
   1131.9687500 275491.9375000
   1131.9694824 275405.0000000
   1131.9700928 275357.4375000
   1131.9708252 275362.7812500
   1131.9714355 275258.5937500
   1131.9721680 275204.1562500
   1131.9729004 275332.1562500
   1131.9735107 275146.5000000
   1131.9742432 275178.2187500
   1131.9748535 275226.5312500
   1131.9755859 275051.9062500
   1131.9763184 275191.8437500
   1131.9769287 275252.6562500
   1131.9776611 275165.2812500
   1131.9782715 275091.0625000
   1131.9790039 275202.3437500
   1131.9796143 275152.0625000
   1131.9803467 275214.6250000
   1131.9810791 274986.0937500
   1131.9816895 275078.3125000
   1131.9824219 275135.6250000
   1131.9830322 275116.5937500
   1131.9837646 275155.5312500
   1131.9843750 275505.5625000
   1131.9851074 275123.2500000
   1131.9858398 275125.7812500
   1131.9864502 275128.9375000
   1131.9871826 275012.8750000
   1131.9877930 275160.0000000
   1131.9885254 275233.9687500
   1131.9892578 274924.5312500
   1131.9898682 275080.3125000
   1131.9906006 274943.0625000
   1131.9912109 274981.7187500
   1131.9919434 275007.2500000
   1131.9925537 274997.8125000
   1131.9932861 274996.7187500
   1131.9940186 275065.5937500
   1131.9946289 275021.5000000
   1131.9953613 275080.2812500
   1131.9959717 274981.0625000
   1131.9967041 275119.4687500
   1131.9973145 275019.1875000
   1131.9980469 275093.5937500
   1131.9987793 274979.5312500
   1131.9993896 275053.8750000
   1132.0001221 274978.5625000
   1132.0007324 275203.6250000
   1132.0014648 274863.9687500
   1132.0021973 275179.3437500
   1132.0028076 274923.7812500
   1132.0035400 275009.8125000
   1132.0041504 275078.0625000
   1132.0048828 275122.3125000
   1132.0054932 274989.1875000
   1132.0062256 275077.7500000
   1132.0069580 274998.9375000
   1132.0075684 274899.3437500
   1132.0083008 275022.5937500
   1132.0089111 274987.7187500
   1132.0096436 275104.9687500
   1132.0102539 275130.4062500
   1132.0109863 275102.5312500
   1132.0117188 275135.6875000
   1132.0123291 275059.6562500
   1132.0130615 275069.2812500
   1132.0136719 275299.4375000
   1132.0144043 275180.0000000
   1132.0151367 275148.9687500
   1132.0157471 275136.9062500
   1132.0164795 275353.2812500
   1132.0170898 275381.6562500
   1132.0178223 275118.7500000
   1132.0184326 275306.2500000
   1132.0191650 275130.2500000
   1132.0198975 275199.7812500
   1132.0205078 275303.9687500
   1132.0212402 275366.5937500
   1132.0218506 275285.1875000
   1132.0225830 275255.9062500
   1132.0233154 275424.2187500
   1132.0239258 275191.4687500
   1132.0246582 275180.3437500
   1132.0252686 275318.1250000
   1132.0260010 275261.5312500
   1132.0266113 275245.3125000
   1132.0273438 275376.1250000
   1132.0280762 275391.8437500
   1132.0286865 275299.0000000
   1132.0294189 275462.0937500
   1132.0300293 275454.6562500
   1132.0307617 275229.2500000
   1132.0313721 275271.4062500
   1132.0321045 275153.2812500
   1132.0328369 275442.6562500
   1132.0334473 275481.1562500
   1132.0341797 275384.5000000
   1132.0347900 275480.9062500
   1132.0355225 275523.0000000
   1132.0362549 275466.4062500
   1132.0368652 275516.8437500
   1132.0375977 275506.0625000
   1132.0382080 275617.9062500
   1132.0389404 275553.0937500
   1132.0395508 275634.0937500
   1132.0402832 275692.5312500
   1132.0410156 275866.4062500
   1132.0416260 275667.9687500
   1132.0423584 275651.8750000
   1132.0429688 275834.5937500
   1132.0437012 275718.8750000
   1132.0443115 275717.0625000
   1132.0450439 275796.8437500
   1132.0457764 275598.8750000
   1132.0463867 275849.4375000
   1132.0471191 275835.2812500
   1132.0477295 275812.9687500
   1132.0484619 275881.5937500
   1132.0491943 275919.1875000
   1132.0498047 275900.3437500
   1132.0505371 276170.7500000
   1132.0511475 275969.2187500
   1132.0518799 275969.1875000
   1132.0524902 275628.2500000
   1132.0532227 275900.4375000
   1132.0539551 276008.6562500
   1132.0545654 275912.2812500
   1132.0552979 275994.2500000
   1132.0559082 277321.4687500
   1132.0566406 276711.2187500
   1132.0572510 277350.9062500
   1132.0579834 278469.8125000
   1132.0587158 277916.1875000
   1132.0593262 277571.5312500
   1132.0600586 277635.1562500
   1132.0606689 277431.6562500
   1132.0614014 277022.4375000
   1132.0621338 276993.7812500
   1132.0627441 276725.7500000
   1132.0634766 276691.7500000
   1132.0640869 276618.3437500
   1132.0648193 276709.9375000
   1132.0654297 276559.7812500
   1132.0661621 276409.9062500
   1132.0668945 276469.9687500
   1132.0675049 276394.8125000
   1132.0682373 276493.5000000
   1132.0688477 276567.5937500
   1132.0695801 276473.6562500
   1132.0703125 276618.0937500
   1132.0709229 276515.9062500
   1132.0716553 276439.1250000
   1132.0722656 276568.1875000
   1132.0729980 276426.1875000
   1132.0736084 276518.5625000
   1132.0743408 276332.7187500
   1132.0750732 276559.0625000
   1132.0756836 276474.5000000
   1132.0764160 276739.3750000
   1132.0770264 276523.6250000
   1132.0777588 276456.5000000
   1132.0783691 276503.1875000
   1132.0791016 276643.0312500
   1132.0798340 276549.4062500
   1132.0804443 276660.3750000
   1132.0811768 276536.5937500
   1132.0817871 276340.3750000
   1132.0825195 276506.4062500
   1132.0832520 276620.6562500
   1132.0838623 276433.1250000
   1132.0845947 276551.0312500
   1132.0852051 276600.5312500
   1132.0859375 276575.4375000
   1132.0865479 276681.1250000
   1132.0872803 276986.1250000
   1132.0880127 276804.1250000
   1132.0886230 276706.2812500
   1132.0893555 276676.5625000
   1132.0899658 276794.8125000
   1132.0906982 276584.7187500
   1132.0913086 276814.8125000
   1132.0920410 276789.1875000
   1132.0927734 276589.2187500
   1132.0933838 276734.8437500
   1132.0941162 276642.7812500
   1132.0947266 276725.9062500
   1132.0954590 276519.3437500
   1132.0961914 276689.8437500
   1132.0968018 276582.0312500
   1132.0975342 276690.5000000
   1132.0981445 276536.5000000
   1132.0988770 276701.9687500
   1132.0994873 276560.9375000
